BalanceComponent,Generation,Storage_Discharge,Storage_Charge,Flexible_Demand_Defer,Flexible_Demand_Stasify,Demand_Response,Nonserved_Energy,Transmission_NetExport,Transmission_Losses,Demand
Zone,1,1,1,1,1,1,1,1,1,1
AnnualSum,4.615677260159275e7,106793.10301688964,-126210.0078860426,0.0,0.0,0.0,0.0,0.0,0.0,-4.620966944463e7
t1,35150.0648172,0.0,-0.0,0.0,0.0,0.0,0.0,0.0,0.0,-35238.63753
t2,33422.6576288,0.0,-0.0,0.0,0.0,0.0,0.0,0.0,0.0,-33543.00048
t3,32413.920177599997,0.0,-0.0,0.0,0.0,0.0,0.0,0.0,0.0,-32534.12266
t4,32375.190690456,0.0,-397.8439444560054,0.0,0.0,0.0,0.0,0.0,0.0,-32097.36207
t5,32810.2175144,0.0,-726.0,0.0,0.0,0.0,0.0,0.0,0.0,-32204.04568
t6,33278.501053199994,0.0,-726.0,0.0,0.0,0.0,0.0,0.0,0.0,-32672.18885
t7,33948.640477550296,0.0,-580.7938359502975,0.0,0.0,0.0,0.0,0.0,0.0,-33487.34728
t8,34914.11981,0.0,-726.0,0.0,0.0,0.0,0.0,0.0,0.0,-34307.43329
t9,35991.950168799995,0.0,-0.0,0.0,0.0,0.0,0.0,0.0,0.0,-36111.12328
t10,37978.794376806945,0.0,-0.12625960695676558,0.0,0.0,0.0,0.0,0.0,0.0,-38097.65407
t11,39366.47750603479,0.0,-0.06313043478287553,0.0,0.0,0.0,0.0,0.0,0.0,-39485.21317
t12,40532.376004,0.0,-0.0,0.0,0.0,0.0,0.0,0.0,0.0,-40650.98764
t13,41605.6648528,0.0,-0.0,0.0,0.0,0.0,0.0,0.0,0.0,-41724.13612
t14,42630.327588716544,0.0,-0.18938751654737326,0.0,0.0,0.0,0.0,0.0,0.0,-42748.42231
t15,43624.505069599996,0.0,-0.0,0.0,0.0,0.0,0.0,0.0,0.0,-43742.60202
t16,44058.61734734589,462.4328110540993,-0.0,0.0,0.0,0.0,0.0,0.0,0.0,-44639.00674
t17,44395.9205388379,524.7936079621,-0.0,0.0,0.0,0.0,0.0,0.0,0.0,-45038.48357
t18,44357.437637198,640.8085880019971,-0.0,0.0,0.0,0.0,0.0,0.0,0.0,-45115.82849
t19,43946.462856083,317.4103479169953,-0.0,0.0,0.0,0.0,0.0,0.0,0.0,-44381.3151
t20,42723.33418240001,0.0,-0.0,0.0,0.0,0.0,0.0,0.0,0.0,-42840.58892
t21,41281.9401808,726.0,-0.0,0.0,0.0,0.0,0.0,0.0,0.0,-42125.00776
t22,40618.18417959999,0.0,-0.0,0.0,0.0,0.0,0.0,0.0,0.0,-40735.11139
t23,38695.667708,0.0,-0.0,0.0,0.0,0.0,0.0,0.0,0.0,-38812.40776
t24,36482.1630764,0.0,-0.0,0.0,0.0,0.0,0.0,0.0,0.0,-36598.71597
t25,34408.5298648,0.0,-0.0,0.0,0.0,0.0,0.0,0.0,0.0,-34524.8956
t26,33282.468583319176,0.0,-379.83789291918634,0.0,0.0,0.0,0.0,0.0,0.0,-33018.48174
t27,32640.7915684,0.0,-726.0,0.0,0.0,0.0,0.0,0.0,0.0,-31991.80725
t28,31929.466910399995,0.0,-726.0,0.0,0.0,0.0,0.0,0.0,0.0,-31319.31796
t29,31654.096549199992,0.0,-726.0,0.0,0.0,0.0,0.0,0.0,0.0,-31043.80723
t30,31608.346225182002,0.0,-575.9836375820005,0.0,0.0,0.0,0.0,0.0,0.0,-31147.88611
t31,31474.298013667998,0.0,-22.880387667998548,0.0,0.0,0.0,0.0,0.0,0.0,-31566.75399
t32,31982.741345234786,0.0,-0.06313043478287553,0.0,0.0,0.0,0.0,0.0,0.0,-32097.87421
t33,33803.73181319999,0.0,-0.0,0.0,0.0,0.0,0.0,0.0,0.0,-33918.74065
t34,35573.53799159999,0.0,-0.0,0.0,0.0,0.0,0.0,0.0,0.0,-35688.35967
t35,37157.35657751654,0.0,-0.18938751654737326,0.0,0.0,0.0,0.0,0.0,0.0,-37271.80171
t36,38685.832459234785,0.0,-0.06313043478287553,0.0,0.0,0.0,0.0,0.0,0.0,-38800.26348
t37,40243.3022172,0.0,-0.0,0.0,0.0,0.0,0.0,0.0,0.0,-40357.60921
t38,41871.46789559999,0.0,-0.0,0.0,0.0,0.0,0.0,0.0,0.0,-41985.58773
t39,43637.151301916536,0.0,-0.18938751654737326,0.0,0.0,0.0,0.0,0.0,0.0,-43750.94138
t40,44655.49495279999,726.0,-0.0,0.0,0.0,0.0,0.0,0.0,0.0,-45495.28726
t41,46141.7813012,726.0,-0.0,0.0,0.0,0.0,0.0,0.0,0.0,-46981.38645
t42,47139.38106,726.0,-0.0,0.0,0.0,0.0,0.0,0.0,0.0,-47978.84584
t43,47188.85720754965,493.55339085035257,-0.0,0.0,0.0,0.0,0.0,0.0,0.0,-47795.68822
t44,46346.658738176004,0.0,-7.142111376002504,0.0,0.0,0.0,0.0,0.0,0.0,-46452.60709
t45,45828.41631303302,6.044962166987146,-0.0,0.0,0.0,0.0,0.0,0.0,0.0,-45947.36458
t46,44454.109893999994,0.0,-0.0,0.0,0.0,0.0,0.0,0.0,0.0,-44566.87283
t47,41657.774822399995,0.0,-0.0,0.0,0.0,0.0,0.0,0.0,0.0,-41770.3506
t48,38361.95942079999,0.0,-0.0,0.0,0.0,0.0,0.0,0.0,0.0,-38474.34804
t49,35927.01342685779,0.0,-226.50349325779257,0.0,0.0,0.0,0.0,0.0,0.0,-35812.05634
t50,34847.4772416,0.0,-726.0,0.0,0.0,0.0,0.0,0.0,0.0,-34194.18828
t51,33871.905899599995,0.0,-726.0,0.0,0.0,0.0,0.0,0.0,0.0,-33179.78157
t52,33432.958211599995,0.0,-726.0,0.0,0.0,0.0,0.0,0.0,0.0,-32779.66925
t53,33618.63081359999,0.0,-726.0,0.0,0.0,0.0,0.0,0.0,0.0,-33004.17722
t54,34322.162484411994,0.0,-26.186092412000107,0.0,0.0,0.0,0.0,0.0,0.0,-34407.33564
t55,36752.082330799996,0.0,-0.0,0.0,0.0,0.0,0.0,0.0,0.0,-36863.30121
t56,38054.93707919999,0.0,-0.0,0.0,0.0,0.0,0.0,0.0,0.0,-38165.9688
t57,39199.80807759999,0.0,-0.0,0.0,0.0,0.0,0.0,0.0,0.0,-39310.65264
t58,40671.159316,0.0,-0.0,0.0,0.0,0.0,0.0,0.0,0.0,-40781.81672
t59,42128.8385048,0.0,-0.0,0.0,0.0,0.0,0.0,0.0,0.0,-42239.35554
t60,43794.9571332,0.0,-0.0,0.0,0.0,0.0,0.0,0.0,0.0,-43905.28701
t61,45459.6855916,0.0,-0.0,0.0,0.0,0.0,0.0,0.0,0.0,-45569.82831
t62,47203.84096039999,0.0,-0.0,0.0,0.0,0.0,0.0,0.0,0.0,-47313.84331
t63,48531.318918799996,0.0,-0.0,0.0,0.0,0.0,0.0,0.0,0.0,-48641.13411
t64,49011.09429087799,623.0602763220013,-0.0,0.0,0.0,0.0,0.0,0.0,0.0,-49743.7826
t65,49893.61605599999,726.0,-0.0,0.0,0.0,0.0,0.0,0.0,0.0,-50729.10372
t66,49920.24628439999,726.0,-0.0,0.0,0.0,0.0,0.0,0.0,0.0,-50755.54679
t67,49013.97573955399,460.1622132460029,-0.0,0.0,0.0,0.0,0.0,0.0,0.0,-49583.2513
t68,48108.69507119999,0.0,-0.0,0.0,0.0,0.0,0.0,0.0,0.0,-48217.62126
t69,47824.078229571,88.20562042899292,-0.0,0.0,0.0,0.0,0.0,0.0,0.0,-48021.06967
t70,46484.42100839999,0.0,-0.0,0.0,0.0,0.0,0.0,0.0,0.0,-46593.01967
t71,43627.1097168,0.0,-0.0,0.0,0.0,0.0,0.0,0.0,0.0,-43735.52122
t72,40551.565415599995,0.0,-0.0,0.0,0.0,0.0,0.0,0.0,0.0,-40659.83655
t73,38115.643293999994,0.0,-0.0,0.0,0.0,0.0,0.0,0.0,0.0,-38223.72727
t74,37258.2254524,0.0,-726.0,0.0,0.0,0.0,0.0,0.0,0.0,-36640.12227
t75,36235.3118104,0.0,-726.0,0.0,0.0,0.0,0.0,0.0,0.0,-35578.37326
t76,35797.477996,0.0,-726.0,0.0,0.0,0.0,0.0,0.0,0.0,-35140.02476
t77,36017.108978000004,0.0,-726.0,0.0,0.0,0.0,0.0,0.0,0.0,-35398.49111
t78,36704.820492414,0.0,-29.488735614005236,0.0,0.0,0.0,0.0,0.0,0.0,-36782.57352
t79,39354.73284577581,0.0,-166.97113057581763,0.0,0.0,0.0,0.0,0.0,0.0,-39294.81632
t80,40528.6290336,0.0,-0.0,0.0,0.0,0.0,0.0,0.0,0.0,-40635.49648
t81,41303.079291999995,0.0,-0.0,0.0,0.0,0.0,0.0,0.0,0.0,-41409.75958
t82,42511.9132108,0.0,-0.0,0.0,0.0,0.0,0.0,0.0,0.0,-42618.45313
t83,43966.2849492,0.0,-0.0,0.0,0.0,0.0,0.0,0.0,0.0,-44072.63771
t84,45065.15492759999,0.0,-0.0,0.0,0.0,0.0,0.0,0.0,0.0,-45171.32053
t85,45810.709976399994,0.0,-0.0,0.0,0.0,0.0,0.0,0.0,0.0,-45916.73521
t86,46289.6660448,0.0,-0.0,0.0,0.0,0.0,0.0,0.0,0.0,-46395.50412
t87,46264.595152505004,348.5166806950001,-0.0,0.0,0.0,0.0,0.0,0.0,0.0,-46718.76275
t88,47004.203512,0.0,-0.0,0.0,0.0,0.0,0.0,0.0,0.0,-47109.71406
t89,47251.585650400004,0.0,-0.0,0.0,0.0,0.0,0.0,0.0,0.0,-47356.90904
t90,47165.871858800005,0.0,-0.0,0.0,0.0,0.0,0.0,0.0,0.0,-47271.00809
t91,46879.2551272,0.0,-0.0,0.0,0.0,0.0,0.0,0.0,0.0,-46984.2042
t92,46578.839016,0.0,-0.0,0.0,0.0,0.0,0.0,0.0,0.0,-46683.64772
t93,46984.0561444,0.0,-0.0,0.0,0.0,0.0,0.0,0.0,0.0,-47088.67769
t94,46268.2416028,0.0,-0.0,0.0,0.0,0.0,0.0,0.0,0.0,-46372.67599
t95,44057.41055270244,0.0,-140.21325110244086,0.0,0.0,0.0,0.0,0.0,0.0,-44021.49132
t96,41431.373231492005,0.0,-272.55205149200174,0.0,0.0,0.0,0.0,0.0,0.0,-41262.92804
t97,38678.719718399996,0.0,-0.0,0.0,0.0,0.0,0.0,0.0,0.0,-38782.63942
t98,37089.9133072,0.0,-0.0,0.0,0.0,0.0,0.0,0.0,0.0,-37193.69264
t99,36259.9117856,0.0,-0.0,0.0,0.0,0.0,0.0,0.0,0.0,-36363.50396
t100,35838.85086399999,0.0,-0.0,0.0,0.0,0.0,0.0,0.0,0.0,-35942.25588
t101,36073.56985194808,0.0,-0.3156395480790825,0.0,0.0,0.0,0.0,0.0,0.0,-36176.47207
t102,37368.41519120001,0.0,-0.0,0.0,0.0,0.0,0.0,0.0,0.0,-37471.49268
t103,39828.49832920696,0.0,-0.12625960695676558,0.0,0.0,0.0,0.0,0.0,0.0,-39931.2624
t104,40911.694934176005,159.90396382399558,-0.0,0.0,0.0,0.0,0.0,0.0,0.0,-41174.30207
t105,41661.558556799995,726.0,-0.0,0.0,0.0,0.0,0.0,0.0,0.0,-42490.12136
t106,43687.274866262575,508.3650089374237,-0.0,0.0,0.0,0.0,0.0,0.0,0.0,-44298.01552
t107,46258.18068359999,0.0,-0.0,0.0,0.0,0.0,0.0,0.0,0.0,-46360.36917
t108,47951.7255224,0.0,-0.0,0.0,0.0,0.0,0.0,0.0,0.0,-48053.77364
t109,49298.040200799995,0.0,-0.0,0.0,0.0,0.0,0.0,0.0,0.0,-49399.90116
t110,50584.263589199996,0.0,-0.0,0.0,0.0,0.0,0.0,0.0,0.0,-50685.93739
t111,51422.08235800001,0.0,-0.0,0.0,0.0,0.0,0.0,0.0,0.0,-51523.61579
t112,51827.058204914996,72.99975148500198,-0.0,0.0,0.0,0.0,0.0,0.0,0.0,-52001.40423
t113,51564.238358826995,594.0141159730028,-0.0,0.0,0.0,0.0,0.0,0.0,0.0,-52259.41159
t114,51792.422039063,109.2301941370024,-0.0,0.0,0.0,0.0,0.0,0.0,0.0,-52002.62419
t115,50866.75721319701,106.45380880300036,-0.0,0.0,0.0,0.0,0.0,0.0,0.0,-51074.04261
t116,49889.42667821901,394.36632218099294,-0.0,0.0,0.0,0.0,0.0,0.0,0.0,-50384.43743
t117,49964.64968879999,0.0,-0.0,0.0,0.0,0.0,0.0,0.0,0.0,-50065.10696
t118,48292.9197076,0.0,-0.0,0.0,0.0,0.0,0.0,0.0,0.0,-48393.23661
t119,45434.897026,0.0,-0.0,0.0,0.0,0.0,0.0,0.0,0.0,-45535.02677
t120,42472.50374439999,0.0,-0.0,0.0,0.0,0.0,0.0,0.0,0.0,-42572.44633
t121,40015.813133200005,0.0,-0.0,0.0,0.0,0.0,0.0,0.0,0.0,-40115.61535
t122,38744.14199348472,0.0,-671.955431884718,0.0,0.0,0.0,0.0,0.0,0.0,-38171.80162
t123,37467.8014396,0.0,-726.0,0.0,0.0,0.0,0.0,0.0,0.0,-36802.58113
t124,36692.512515200004,0.0,-726.0,0.0,0.0,0.0,0.0,0.0,0.0,-36026.77752
t125,36583.5688672,0.0,-726.0,0.0,0.0,0.0,0.0,0.0,0.0,-35956.66924
t126,37411.875396506,0.0,-306.70718090600076,0.0,0.0,0.0,0.0,0.0,0.0,-37204.08143
t127,39428.373804,0.0,-0.0,0.0,0.0,0.0,0.0,0.0,0.0,-39527.09986
t128,40677.6986528,0.0,-0.0,0.0,0.0,0.0,0.0,0.0,0.0,-40776.28434
t129,41678.0414512,0.0,-0.0,0.0,0.0,0.0,0.0,0.0,0.0,-41776.43998
t130,43093.759749599994,0.0,-0.0,0.0,0.0,0.0,0.0,0.0,0.0,-43191.97112
t131,44469.2231484,0.0,-0.0,0.0,0.0,0.0,0.0,0.0,0.0,-44567.29415
t132,45278.0877868,0.0,-0.0,0.0,0.0,0.0,0.0,0.0,0.0,-45375.97163
t133,45838.00979520001,0.0,-0.0,0.0,0.0,0.0,0.0,0.0,0.0,-45935.70648
t134,46298.899944000004,0.0,-0.0,0.0,0.0,0.0,0.0,0.0,0.0,-46396.45626
t135,46760.9305324,0.0,-0.0,0.0,0.0,0.0,0.0,0.0,0.0,-46858.29969
t136,46752.3214108,0.0,-0.0,0.0,0.0,0.0,0.0,0.0,0.0,-46849.50341
t137,46662.9912592,0.0,-0.0,0.0,0.0,0.0,0.0,0.0,0.0,-46759.9861
t138,46249.96345799999,0.0,-0.0,0.0,0.0,0.0,0.0,0.0,0.0,-46346.81793
t139,45453.9856964,0.0,-0.0,0.0,0.0,0.0,0.0,0.0,0.0,-45550.65301
t140,44812.15367479999,0.0,-0.0,0.0,0.0,0.0,0.0,0.0,0.0,-44908.63383
t141,44107.515293599994,726.0,-0.0,0.0,0.0,0.0,0.0,0.0,0.0,-44929.85508
t142,43138.920721999995,726.0,-0.0,0.0,0.0,0.0,0.0,0.0,0.0,-43961.07335
t143,41173.995548666,454.9674717340017,-0.0,0.0,0.0,0.0,0.0,0.0,0.0,-41724.92849
t144,39027.5165792,0.0,-0.0,0.0,0.0,0.0,0.0,0.0,0.0,-39123.34168
t145,36786.77861759999,0.0,-0.0,0.0,0.0,0.0,0.0,0.0,0.0,-36882.41656
t146,35361.586516,0.0,-0.0,0.0,0.0,0.0,0.0,0.0,0.0,-35457.0373
t147,34438.949294399994,0.0,-0.0,0.0,0.0,0.0,0.0,0.0,0.0,-34534.21292
t148,34369.15265318881,0.0,-375.9674999888097,0.0,0.0,0.0,0.0,0.0,0.0,-34088.30841
t149,34865.5540116,0.0,-726.0,0.0,0.0,0.0,0.0,0.0,0.0,-34234.49011
t150,35944.03212999999,0.0,-726.0,0.0,0.0,0.0,0.0,0.0,0.0,-35312.78107
t151,37957.234934034,0.0,-426.29798523400405,0.0,0.0,0.0,0.0,0.0,0.0,-37625.54552
t152,38959.52273720001,0.0,-0.0,0.0,0.0,0.0,0.0,0.0,0.0,-39053.94415
t153,39567.8993856,0.0,-0.0,0.0,0.0,0.0,0.0,0.0,0.0,-39662.13364
t154,40335.9368044,0.0,-0.0,0.0,0.0,0.0,0.0,0.0,0.0,-40430.03069
t155,40974.919092799995,0.0,-0.0,0.0,0.0,0.0,0.0,0.0,0.0,-41068.82582
t156,41352.73208120001,0.0,-0.0,0.0,0.0,0.0,0.0,0.0,0.0,-41446.45165
t157,41371.534400000004,0.0,-0.0,0.0,0.0,0.0,0.0,0.0,0.0,-41465.1136
t158,41452.0740184,0.0,-0.0,0.0,0.0,0.0,0.0,0.0,0.0,-41545.46606
t159,41279.1920168,0.0,-0.0,0.0,0.0,0.0,0.0,0.0,0.0,-41372.3969
t160,41044.6143452,0.0,-0.0,0.0,0.0,0.0,0.0,0.0,0.0,-41137.63207
t161,40900.25201399999,0.0,-0.0,0.0,0.0,0.0,0.0,0.0,0.0,-40993.12937
t162,40577.27851240001,0.0,-0.0,0.0,0.0,0.0,0.0,0.0,0.0,-40669.96871
t163,40036.8584408,0.0,-0.0,0.0,0.0,0.0,0.0,0.0,0.0,-40129.36148
t164,39356.044083361005,451.2441162389896,-0.0,0.0,0.0,0.0,0.0,0.0,0.0,-39899.65087
t165,39510.063838,726.0,-0.0,0.0,0.0,0.0,0.0,0.0,0.0,-40328.23935
t166,38913.191246400005,726.0,-0.0,0.0,0.0,0.0,0.0,0.0,0.0,-39731.1796
t167,38197.28904519999,0.0,-0.0,0.0,0.0,0.0,0.0,0.0,0.0,-38289.13703
t168,36420.987833600004,0.0,-0.0,0.0,0.0,0.0,0.0,0.0,0.0,-36512.64866
t169,34604.123012000004,0.0,-0.0,0.0,0.0,0.0,0.0,0.0,0.0,-34695.59668
t170,33220.9711604,0.0,-0.0,0.0,0.0,0.0,0.0,0.0,0.0,-33312.25767
t171,32510.184245362,0.0,-173.24615616199935,0.0,0.0,0.0,0.0,0.0,0.0,-32428.08423
t172,31754.483637600006,0.0,-0.0,0.0,0.0,0.0,0.0,0.0,0.0,-31845.44262
t173,31523.979596,0.0,-0.0,0.0,0.0,0.0,0.0,0.0,0.0,-31614.75142
t174,31778.354134800004,0.0,-0.0,0.0,0.0,0.0,0.0,0.0,0.0,-31868.98559
t175,32836.92347577029,0.0,-138.9892225702848,0.0,0.0,0.0,0.0,0.0,0.0,-32788.37855
t176,33698.649805905996,0.0,-108.65096430599351,0.0,0.0,0.0,0.0,0.0,0.0,-33680.25598
t177,35018.3893704,0.0,-0.0,0.0,0.0,0.0,0.0,0.0,0.0,-35108.50614
t178,36628.9292688,0.0,-0.0,0.0,0.0,0.0,0.0,0.0,0.0,-36718.85888
t179,37993.47996719999,0.0,-0.0,0.0,0.0,0.0,0.0,0.0,0.0,-38083.22242
t180,38942.837585600006,0.0,-0.0,0.0,0.0,0.0,0.0,0.0,0.0,-39032.39288
t181,39665.8082944,0.0,-0.0,0.0,0.0,0.0,0.0,0.0,0.0,-39755.22322
t182,40221.275502799996,0.0,-0.0,0.0,0.0,0.0,0.0,0.0,0.0,-40310.50327
t183,40341.8214512,0.0,-0.0,0.0,0.0,0.0,0.0,0.0,0.0,-40430.86206
t184,40134.236809999995,0.0,-0.0,0.0,0.0,0.0,0.0,0.0,0.0,-40223.13705
t185,40069.05747839999,0.0,-0.0,0.0,0.0,0.0,0.0,0.0,0.0,-40157.77056
t186,40234.674186799995,0.0,-0.0,0.0,0.0,0.0,0.0,0.0,0.0,-40323.20011
t187,39993.056035600006,0.0,-0.0,0.0,0.0,0.0,0.0,0.0,0.0,-40081.44159
t188,39947.57449399999,0.0,-0.0,0.0,0.0,0.0,0.0,0.0,0.0,-40035.77289
t189,39472.7658024,726.0,-0.0,0.0,0.0,0.0,0.0,0.0,0.0,-40286.77704
t190,39175.331169102006,397.4346420980055,-0.0,0.0,0.0,0.0,0.0,0.0,0.0,-39660.63668
t191,38311.63551960001,0.0,-0.0,0.0,0.0,0.0,0.0,0.0,0.0,-38399.31923
t192,36563.42290799999,0.0,-0.0,0.0,0.0,0.0,0.0,0.0,0.0,-36650.91946
t193,34745.6347064,0.0,-0.0,0.0,0.0,0.0,0.0,0.0,0.0,-34832.9441
t194,33329.101535199996,0.0,-0.0,0.0,0.0,0.0,0.0,0.0,0.0,-33416.27056
t195,32323.9622136,0.0,-0.0,0.0,0.0,0.0,0.0,0.0,0.0,-32410.94408
t196,31831.704142000002,0.0,-0.0,0.0,0.0,0.0,0.0,0.0,0.0,-31918.49885
t197,31841.028308487956,0.0,-252.6290676879531,0.0,0.0,0.0,0.0,0.0,0.0,-31675.05358
t198,32444.5037992,0.0,-726.0,0.0,0.0,0.0,0.0,0.0,0.0,-31804.97098
t199,32801.8904076,0.0,-726.0,0.0,0.0,0.0,0.0,0.0,0.0,-32162.17043
t200,33245.411016399994,0.0,-726.0,0.0,0.0,0.0,0.0,0.0,0.0,-32605.55067
t201,35299.872504800005,0.0,-726.0,0.0,0.0,0.0,0.0,0.0,0.0,-34659.825
t202,36922.325333634784,0.0,-0.06313043478287553,0.0,0.0,0.0,0.0,0.0,0.0,-37008.02754
t203,39150.13082160001,0.0,-0.0,0.0,0.0,0.0,0.0,0.0,0.0,-39235.709
t204,41202.7616304,0.0,-0.0,0.0,0.0,0.0,0.0,0.0,0.0,-41288.19944
t205,43254.5330088,0.0,-0.0,0.0,0.0,0.0,0.0,0.0,0.0,-43339.78366
t206,45193.4619072,0.0,-0.0,0.0,0.0,0.0,0.0,0.0,0.0,-45278.5254
t207,47198.23320599999,0.0,-0.0,0.0,0.0,0.0,0.0,0.0,0.0,-47283.15633
t208,48363.06205439999,726.0,-0.0,0.0,0.0,0.0,0.0,0.0,0.0,-49173.79802
t209,50030.36392279999,726.0,-0.0,0.0,0.0,0.0,0.0,0.0,0.0,-50840.91273
t210,50914.89665159999,726.0,-0.0,0.0,0.0,0.0,0.0,0.0,0.0,-51725.30509
t211,51069.4757450912,493.2862549088027,-0.0,0.0,0.0,0.0,0.0,0.0,0.0,-51646.98328
t212,49903.7536384,0.0,-0.0,0.0,0.0,0.0,0.0,0.0,0.0,-49987.78776
t213,48833.6982272,0.0,-0.0,0.0,0.0,0.0,0.0,0.0,0.0,-48917.59198
t214,47638.950565600004,0.0,-0.0,0.0,0.0,0.0,0.0,0.0,0.0,-47722.65716
t215,44856.918664000004,0.0,-0.0,0.0,0.0,0.0,0.0,0.0,0.0,-44940.4381
t216,41703.63338240001,0.0,-0.0,0.0,0.0,0.0,0.0,0.0,0.0,-41786.96566
t217,39261.0449452,0.0,-0.0,0.0,0.0,0.0,0.0,0.0,0.0,-39343.53501
t218,37962.9746278481,0.0,-291.79849464810593,0.0,0.0,0.0,0.0,0.0,0.0,-37714.83083
t219,37450.477421200005,0.0,-726.0,0.0,0.0,0.0,0.0,0.0,0.0,-36729.29675
t220,36817.994703200005,0.0,-726.0,0.0,0.0,0.0,0.0,0.0,0.0,-36135.6494
t221,37018.79998520001,0.0,-726.0,0.0,0.0,0.0,0.0,0.0,0.0,-36375.29005
t222,38306.6605601,0.0,-686.8337064999987,0.0,0.0,0.0,0.0,0.0,0.0,-37702.12976
t223,40043.56051283478,0.0,-0.06313043478287553,0.0,0.0,0.0,0.0,0.0,0.0,-40125.65992
t224,41162.55169123478,0.0,-0.06313043478287553,0.0,0.0,0.0,0.0,0.0,0.0,-41244.46394
t225,42595.2364192,0.0,-0.0,0.0,0.0,0.0,0.0,0.0,0.0,-42677.02464
t226,44872.280517600004,0.0,-0.0,0.0,0.0,0.0,0.0,0.0,0.0,-44953.88158
t227,47556.99796391655,0.0,-0.18938751654737326,0.0,0.0,0.0,0.0,0.0,0.0,-47638.26927
t228,50539.1503048,0.0,-0.0,0.0,0.0,0.0,0.0,0.0,0.0,-50620.42384
t229,53425.74576319999,0.0,-0.0,0.0,0.0,0.0,0.0,0.0,0.0,-53506.83214
t230,56324.484871999986,0.0,-0.0,0.0,0.0,0.0,0.0,0.0,0.0,-56405.43088
t231,58483.40577572399,47.54920467599368,-0.0,0.0,0.0,0.0,0.0,0.0,0.0,-58611.71383
t232,59487.77942879999,726.0,-0.0,0.0,0.0,0.0,0.0,0.0,0.0,-60294.35112
t233,60409.4938576,726.0,-0.0,0.0,0.0,0.0,0.0,0.0,0.0,-61215.92518
t234,59827.87183599999,726.0,-0.0,0.0,0.0,0.0,0.0,0.0,0.0,-60634.116
t235,58270.804065293705,445.7942791062883,-0.0,0.0,0.0,0.0,0.0,0.0,0.0,-58796.65535
t236,55843.7718928,0.0,-0.0,0.0,0.0,0.0,0.0,0.0,0.0,-55923.64174
t237,53702.913221599985,0.0,-0.0,0.0,0.0,0.0,0.0,0.0,0.0,-53782.6427
t238,51226.14099999999,0.0,-0.0,0.0,0.0,0.0,0.0,0.0,0.0,-51305.68332
t239,47795.329498399995,0.0,-0.0,0.0,0.0,0.0,0.0,0.0,0.0,-47874.68466
t240,44259.05676836603,0.0,-58.82947116603241,0.0,0.0,0.0,0.0,0.0,0.0,-44279.44209
t241,41173.91843559999,0.0,-0.0,0.0,0.0,0.0,0.0,0.0,0.0,-41252.94607
t242,39930.681471200005,0.0,-726.0,0.0,0.0,0.0,0.0,0.0,0.0,-39283.19442
t243,38587.01757920001,0.0,-726.0,0.0,0.0,0.0,0.0,0.0,0.0,-37900.69516
t244,37597.72992120001,0.0,-726.0,0.0,0.0,0.0,0.0,0.0,0.0,-36950.24287
t245,37418.4558596,0.0,-726.0,0.0,0.0,0.0,0.0,0.0,0.0,-36770.78165
t246,37956.036892644,0.0,-193.84452424400297,0.0,0.0,0.0,0.0,0.0,0.0,-37840.37779
t247,39833.79283723478,0.0,-0.06313043478287553,0.0,0.0,0.0,0.0,0.0,0.0,-39911.72797
t248,40751.73310563478,0.0,-0.06313043478287553,0.0,0.0,0.0,0.0,0.0,0.0,-40829.48108
t249,41762.0628236,0.0,-0.0,0.0,0.0,0.0,0.0,0.0,0.0,-41839.68677
t250,42832.18120239999,0.0,-0.0,0.0,0.0,0.0,0.0,0.0,0.0,-42909.66478
t251,44106.62813080001,0.0,-0.0,0.0,0.0,0.0,0.0,0.0,0.0,-44183.92455
t252,45502.931379199996,0.0,-0.0,0.0,0.0,0.0,0.0,0.0,0.0,-45580.04064
t253,46464.850708000005,0.0,-0.0,0.0,0.0,0.0,0.0,0.0,0.0,-46541.8196
t254,47539.5836464,0.0,-0.0,0.0,0.0,0.0,0.0,0.0,0.0,-47616.36538
t255,48700.4241548,0.0,-0.0,0.0,0.0,0.0,0.0,0.0,0.0,-48777.01873
t256,49702.861843599996,0.0,-0.0,0.0,0.0,0.0,0.0,0.0,0.0,-49779.31605
t257,50044.785901999996,0.0,-0.0,0.0,0.0,0.0,0.0,0.0,0.0,-50121.05295
t258,49582.809420399986,0.0,-0.0,0.0,0.0,0.0,0.0,0.0,0.0,-49658.88931
t259,48422.58878880001,0.0,-0.0,0.0,0.0,0.0,0.0,0.0,0.0,-48498.48152
t260,46495.689510082,241.27044751799986,-0.0,0.0,0.0,0.0,0.0,0.0,0.0,-46812.71232
t261,45155.18318599999,726.0,-0.0,0.0,0.0,0.0,0.0,0.0,0.0,-45956.74839
t262,43873.2047444,726.0,-0.0,0.0,0.0,0.0,0.0,0.0,0.0,-44674.58279
t263,41516.560013199996,0.0,-0.0,0.0,0.0,0.0,0.0,0.0,0.0,-41591.79769
t264,38119.314481600006,0.0,-0.0,0.0,0.0,0.0,0.0,0.0,0.0,-38194.365
t265,35534.677319999995,0.0,-0.0,0.0,0.0,0.0,0.0,0.0,0.0,-35609.54068
t266,33784.98528879999,0.0,-0.0,0.0,0.0,0.0,0.0,0.0,0.0,-33859.70828
t267,32653.3633872,0.0,-0.0,0.0,0.0,0.0,0.0,0.0,0.0,-32727.89922
t268,32631.875574583264,0.0,-645.7959289832706,0.0,0.0,0.0,0.0,0.0,0.0,-32060.42832
t269,32687.303664400002,0.0,-726.0,0.0,0.0,0.0,0.0,0.0,0.0,-32035.51197
t270,33814.572476026,0.0,-629.8402032260037,0.0,0.0,0.0,0.0,0.0,0.0,-33258.75342
t271,35410.60432119999,0.0,-0.0,0.0,0.0,0.0,0.0,0.0,0.0,-35484.43831
t272,36506.55816959999,0.0,-0.0,0.0,0.0,0.0,0.0,0.0,0.0,-36580.205
t273,37400.498898399994,0.0,-0.0,0.0,0.0,0.0,0.0,0.0,0.0,-37474.00536
t274,38432.2194768,0.0,-0.0,0.0,0.0,0.0,0.0,0.0,0.0,-38505.53878
t275,39625.821404748065,0.0,-0.3156395480790825,0.0,0.0,0.0,0.0,0.0,0.0,-39698.63791
t276,40824.949914,0.0,-0.0,0.0,0.0,0.0,0.0,0.0,0.0,-40897.94169
t277,42130.821222399994,0.0,-0.0,0.0,0.0,0.0,0.0,0.0,0.0,-42203.62584
t278,43676.928460799994,0.0,-0.0,0.0,0.0,0.0,0.0,0.0,0.0,-43749.54592
t279,45303.999489600006,0.0,-0.0,0.0,0.0,0.0,0.0,0.0,0.0,-45376.47658
t280,46804.77424984003,152.41335815996013,-0.0,0.0,0.0,0.0,0.0,0.0,0.0,-47029.47754
t281,47861.03838658999,524.5911998099982,-0.0,0.0,0.0,0.0,0.0,0.0,0.0,-48457.73236
t282,48299.2623948,726.0,-0.0,0.0,0.0,0.0,0.0,0.0,0.0,-49097.17801
t283,47708.195530925994,637.9918126739976,-0.0,0.0,0.0,0.0,0.0,0.0,0.0,-48417.96259
t284,46518.415431999994,0.0,-0.0,0.0,0.0,0.0,0.0,0.0,0.0,-46590.00352
t285,44815.833343647006,630.275626752993,-0.0,0.0,0.0,0.0,0.0,0.0,0.0,-45517.5099
t286,43954.025299199995,0.0,-0.0,0.0,0.0,0.0,0.0,0.0,0.0,-44025.28586
t287,41065.83593759999,0.0,-0.0,0.0,0.0,0.0,0.0,0.0,0.0,-41136.90934
t288,37927.33104599999,0.0,-0.0,0.0,0.0,0.0,0.0,0.0,0.0,-37998.21729
t289,35593.262849687955,0.0,-252.6290676879531,0.0,0.0,0.0,0.0,0.0,0.0,-35379.46915
t290,34256.81798000001,0.0,-726.0,0.0,0.0,0.0,0.0,0.0,0.0,-33530.81798
t291,32999.57598,0.0,-726.0,0.0,0.0,0.0,0.0,0.0,0.0,-32273.57598
t292,32294.747449999995,0.0,-726.0,0.0,0.0,0.0,0.0,0.0,0.0,-31568.74745
t293,32387.462902,0.0,-726.0,0.0,0.0,0.0,0.0,0.0,0.0,-31700.29827
t294,32946.458267199996,0.0,-0.0,0.0,0.0,0.0,0.0,0.0,0.0,-33016.31514
t295,35239.394015206955,0.0,-0.12625960695676558,0.0,0.0,0.0,0.0,0.0,0.0,-35308.93747
t296,36533.04070483478,0.0,-0.06313043478287553,0.0,0.0,0.0,0.0,0.0,0.0,-36602.50692
t297,37922.69292323478,0.0,-0.06313043478287553,0.0,0.0,0.0,0.0,0.0,0.0,-37991.97198
t298,39384.13903120001,0.0,-0.0,0.0,0.0,0.0,0.0,0.0,0.0,-39453.29406
t299,41007.92348960696,0.0,-0.12625960695676558,0.0,0.0,0.0,0.0,0.0,0.0,-41076.81189
t300,42619.69990839999,0.0,-0.0,0.0,0.0,0.0,0.0,0.0,0.0,-42688.52741
t301,44462.5443468,0.0,-0.0,0.0,0.0,0.0,0.0,0.0,0.0,-44531.18469
t302,46522.231575599995,0.0,-0.0,0.0,0.0,0.0,0.0,0.0,0.0,-46590.73155
t303,48044.44732988214,621.3800441178566,-0.0,0.0,0.0,0.0,0.0,0.0,0.0,-48734.14019
t304,50063.53988222914,506.80209017085895,-0.0,0.0,0.0,0.0,0.0,0.0,0.0,-50638.46763
t305,51418.9854808,726.0,-0.0,0.0,0.0,0.0,0.0,0.0,0.0,-52212.92398
t306,51795.582529600004,726.0,-0.0,0.0,0.0,0.0,0.0,0.0,0.0,-52589.38066
t307,51673.668245028006,91.19410297199238,-0.0,0.0,0.0,0.0,0.0,0.0,0.0,-51832.47332
t308,49807.489216400005,0.0,-0.0,0.0,0.0,0.0,0.0,0.0,0.0,-49874.91303
t309,48253.1058152,0.0,-0.0,0.0,0.0,0.0,0.0,0.0,0.0,-48320.38926
t310,46377.065273600005,0.0,-0.0,0.0,0.0,0.0,0.0,0.0,0.0,-46444.16156
t311,43157.291002,0.0,-0.0,0.0,0.0,0.0,0.0,0.0,0.0,-43224.20013
t312,39516.5678808,0.0,-0.0,0.0,0.0,0.0,0.0,0.0,0.0,-39583.33664
t313,36555.9988092,0.0,-0.0,0.0,0.0,0.0,0.0,0.0,0.0,-36622.58041
t314,35383.51541200001,0.0,-726.0,0.0,0.0,0.0,0.0,0.0,0.0,-34696.35078
t315,34020.57968000001,0.0,-726.0,0.0,0.0,0.0,0.0,0.0,0.0,-33294.57968
t316,33274.658460000006,0.0,-726.0,0.0,0.0,0.0,0.0,0.0,0.0,-32548.65846
t317,33391.97795200001,0.0,-726.0,0.0,0.0,0.0,0.0,0.0,0.0,-32704.81332
t318,33882.122725256,0.0,-113.43833365600767,0.0,0.0,0.0,0.0,0.0,0.0,-33834.37699
t319,36028.70061883319,0.0,-139.28894843318767,0.0,0.0,0.0,0.0,0.0,0.0,-35954.9639
t320,37325.190439234786,0.0,-0.06313043478287553,0.0,0.0,0.0,0.0,0.0,0.0,-37390.49238
t321,39116.47167763478,0.0,-0.06313043478287553,0.0,0.0,0.0,0.0,0.0,0.0,-39181.58646
t322,41102.97770599999,0.0,-0.0,0.0,0.0,0.0,0.0,0.0,0.0,-41168.01525
t323,43223.6510344,0.0,-0.0,0.0,0.0,0.0,0.0,0.0,0.0,-43288.50142
t324,45266.75330031655,0.0,-0.18938751654737326,0.0,0.0,0.0,0.0,0.0,0.0,-45331.22714
t325,47213.1840216,0.0,-0.0,0.0,0.0,0.0,0.0,0.0,0.0,-47277.70688
t326,48929.724921219,593.9093587810048,-0.0,0.0,0.0,0.0,0.0,0.0,0.0,-49587.96998
t327,50821.446809338006,604.372459061995,-0.0,0.0,0.0,0.0,0.0,0.0,0.0,-51489.96781
t328,52251.20504679999,726.0,-0.0,0.0,0.0,0.0,0.0,0.0,0.0,-53041.16643
t329,53196.794585599986,726.0,-0.0,0.0,0.0,0.0,0.0,0.0,0.0,-53986.6156
t330,53462.02167475811,21.20492924189332,-0.0,0.0,0.0,0.0,0.0,0.0,0.0,-53546.86046
t331,52005.657742400006,0.0,-0.0,0.0,0.0,0.0,0.0,0.0,0.0,-52069.10444
t332,49659.644241199996,0.0,-0.0,0.0,0.0,0.0,0.0,0.0,0.0,-49722.95057
t333,47983.7474296,0.0,-0.0,0.0,0.0,0.0,0.0,0.0,0.0,-48046.8666
t334,46146.222578,0.0,-0.0,0.0,0.0,0.0,0.0,0.0,0.0,-46209.15459
t335,43666.505756800005,0.0,-0.0,0.0,0.0,0.0,0.0,0.0,0.0,-43729.2974
t336,40878.1894552,0.0,-0.0,0.0,0.0,0.0,0.0,0.0,0.0,-40940.79394
t337,38226.757003599996,0.0,-0.0,0.0,0.0,0.0,0.0,0.0,0.0,-38289.17433
t338,36256.06298200001,0.0,-0.0,0.0,0.0,0.0,0.0,0.0,0.0,-36294.89835
t339,34996.64186000001,0.0,-0.0,0.0,0.0,0.0,0.0,0.0,0.0,-34996.64186
t340,34360.51158768796,0.0,-252.6290676879531,0.0,0.0,0.0,0.0,0.0,0.0,-34107.88252
t341,34449.00375000001,0.0,-726.0,0.0,0.0,0.0,0.0,0.0,0.0,-33723.00375
t342,34675.944540000004,0.0,-726.0,0.0,0.0,0.0,0.0,0.0,0.0,-33949.94454
t343,35397.81566000001,0.0,-726.0,0.0,0.0,0.0,0.0,0.0,0.0,-34671.81566
t344,36403.521572000005,0.0,-726.0,0.0,0.0,0.0,0.0,0.0,0.0,-35716.35694
t345,38030.053662,0.0,-0.0,0.0,0.0,0.0,0.0,0.0,0.0,-38091.11409
t346,40629.38791199999,0.0,-0.0,0.0,0.0,0.0,0.0,0.0,0.0,-40690.44834
t347,43254.691119516545,0.0,-0.18938751654737326,0.0,0.0,0.0,0.0,0.0,0.0,-43315.56216
t348,45763.61952243478,0.0,-0.06313043478287553,0.0,0.0,0.0,0.0,0.0,0.0,-45824.61682
t349,48067.05004243478,0.0,-0.06313043478287553,0.0,0.0,0.0,0.0,0.0,0.0,-48128.04734
t350,50090.333871999996,0.0,-0.0,0.0,0.0,0.0,0.0,0.0,0.0,-50151.3943
t351,51936.358351606956,0.0,-0.12625960695676558,0.0,0.0,0.0,0.0,0.0,0.0,-51997.29252
t352,52562.982191999996,726.0,-0.0,0.0,0.0,0.0,0.0,0.0,0.0,-53350.04262
t353,53452.681591999986,726.0,-0.0,0.0,0.0,0.0,0.0,0.0,0.0,-54239.74202
t354,53515.309301999994,726.0,-0.0,0.0,0.0,0.0,0.0,0.0,0.0,-54302.36973
t355,52953.16347114964,493.55339085035257,-0.0,0.0,0.0,0.0,0.0,0.0,0.0,-53507.77729
t356,51656.936731999995,0.0,-0.0,0.0,0.0,0.0,0.0,0.0,0.0,-51717.99716
t357,50758.372361999995,0.0,-0.0,0.0,0.0,0.0,0.0,0.0,0.0,-50819.43279
t358,49569.53415199999,0.0,-0.0,0.0,0.0,0.0,0.0,0.0,0.0,-49630.59458
t359,47448.57554199999,0.0,-0.0,0.0,0.0,0.0,0.0,0.0,0.0,-47509.63597
t360,44943.482981999994,0.0,-0.0,0.0,0.0,0.0,0.0,0.0,0.0,-45004.54341
t361,42689.26848199999,0.0,-0.0,0.0,0.0,0.0,0.0,0.0,0.0,-42750.32891
t362,40782.717871999994,0.0,-0.0,0.0,0.0,0.0,0.0,0.0,0.0,-40843.7783
t363,39727.870997754,0.0,-376.1216757540051,0.0,0.0,0.0,0.0,0.0,0.0,-39412.80975
t364,38894.908434761994,0.0,-536.3962527620015,0.0,0.0,0.0,0.0,0.0,0.0,-38419.57261
t365,37728.951322349996,0.0,-25.74987035000504,0.0,0.0,0.0,0.0,0.0,0.0,-37764.26188
t366,37660.393290219276,0.0,-73.02009821927611,0.0,0.0,0.0,0.0,0.0,0.0,-37648.43362
t367,38338.854322,0.0,-726.0,0.0,0.0,0.0,0.0,0.0,0.0,-37673.91475
t368,38969.015781999995,0.0,-726.0,0.0,0.0,0.0,0.0,0.0,0.0,-38304.07621
t369,41196.558804625005,0.0,-693.3826126249996,0.0,0.0,0.0,0.0,0.0,0.0,-40564.23662
t370,42941.380422434784,0.0,-0.06313043478287553,0.0,0.0,0.0,0.0,0.0,0.0,-43002.37772
t371,45334.59121243478,0.0,-0.06313043478287553,0.0,0.0,0.0,0.0,0.0,0.0,-45395.58851
t372,47293.88856243478,0.0,-0.06313043478287553,0.0,0.0,0.0,0.0,0.0,0.0,-47354.88586
t373,49181.765122,0.0,-0.0,0.0,0.0,0.0,0.0,0.0,0.0,-49242.82555
t374,50858.929692000005,0.0,-0.0,0.0,0.0,0.0,0.0,0.0,0.0,-50919.99012
t375,52155.133272,0.0,-0.0,0.0,0.0,0.0,0.0,0.0,0.0,-52216.1937
t376,52955.231166433994,234.38144556599582,-0.0,0.0,0.0,0.0,0.0,0.0,0.0,-53250.67304
t377,53060.229142,726.0,-0.0,0.0,0.0,0.0,0.0,0.0,0.0,-53847.28957
t378,53142.46789199998,726.0,-0.0,0.0,0.0,0.0,0.0,0.0,0.0,-53929.52832
t379,52485.52846299954,505.4494190004646,-0.0,0.0,0.0,0.0,0.0,0.0,0.0,-53052.03831
t380,51442.99754199999,0.0,-0.0,0.0,0.0,0.0,0.0,0.0,0.0,-51504.05797
t381,50112.236138128,479.51356387199485,-0.0,0.0,0.0,0.0,0.0,0.0,0.0,-50652.81013
t382,49408.748232,0.0,-0.0,0.0,0.0,0.0,0.0,0.0,0.0,-49469.80866
t383,46792.15618199999,0.0,-0.0,0.0,0.0,0.0,0.0,0.0,0.0,-46853.21661
t384,43891.515103594,0.0,-324.83964159399966,0.0,0.0,0.0,0.0,0.0,0.0,-43627.73589
t385,40645.915378186,0.0,-5.230146185999729,0.0,0.0,0.0,0.0,0.0,0.0,-40701.74566
t386,39402.809702,0.0,-726.0,0.0,0.0,0.0,0.0,0.0,0.0,-38737.87013
t387,38096.202392,0.0,-726.0,0.0,0.0,0.0,0.0,0.0,0.0,-37431.26282
t388,37440.070832,0.0,-726.0,0.0,0.0,0.0,0.0,0.0,0.0,-36775.13126
t389,37455.582883252806,0.0,-648.57197125281,0.0,0.0,0.0,0.0,0.0,0.0,-36868.07134
t390,37976.76362243478,0.0,-0.06313043478287553,0.0,0.0,0.0,0.0,0.0,0.0,-38037.76092
t391,40013.13520243479,0.0,-0.06313043478287553,0.0,0.0,0.0,0.0,0.0,0.0,-40074.1325
t392,41192.87827243478,0.0,-0.06313043478287553,0.0,0.0,0.0,0.0,0.0,0.0,-41253.87557
t393,42616.33326199999,0.0,-0.0,0.0,0.0,0.0,0.0,0.0,0.0,-42677.39369
t394,44239.068761999995,0.0,-0.0,0.0,0.0,0.0,0.0,0.0,0.0,-44300.12919
t395,46071.257961999996,0.0,-0.0,0.0,0.0,0.0,0.0,0.0,0.0,-46132.31839
t396,47852.068431999985,0.0,-0.0,0.0,0.0,0.0,0.0,0.0,0.0,-47913.12886
t397,49310.85917199999,0.0,-0.0,0.0,0.0,0.0,0.0,0.0,0.0,-49371.9196
t398,50085.949808647994,327.0191733520005,-0.0,0.0,0.0,0.0,0.0,0.0,0.0,-50474.02941
t399,50285.951432,726.0,-0.0,0.0,0.0,0.0,0.0,0.0,0.0,-51073.01186
t400,50711.02852199999,726.0,-0.0,0.0,0.0,0.0,0.0,0.0,0.0,-51498.08895
t401,50933.796222,726.0,-0.0,0.0,0.0,0.0,0.0,0.0,0.0,-51720.85665
t402,51118.86831678455,16.815885215443256,-0.0,0.0,0.0,0.0,0.0,0.0,0.0,-51196.74463
t403,50024.86337199999,0.0,-0.0,0.0,0.0,0.0,0.0,0.0,0.0,-50085.9238
t404,48408.701332,0.0,-0.0,0.0,0.0,0.0,0.0,0.0,0.0,-48469.76176
t405,47742.62176414901,149.41496785099116,-0.0,0.0,0.0,0.0,0.0,0.0,0.0,-47953.09716
t406,46277.550301999996,0.0,-0.0,0.0,0.0,0.0,0.0,0.0,0.0,-46338.61073
t407,43426.305111999995,0.0,-0.0,0.0,0.0,0.0,0.0,0.0,0.0,-43487.36554
t408,41089.436404262,0.0,-723.3301022620062,0.0,0.0,0.0,0.0,0.0,0.0,-40427.16673
t409,37921.970192,0.0,-0.0,0.0,0.0,0.0,0.0,0.0,0.0,-37983.03062
t410,36295.097462000005,0.0,-0.0,0.0,0.0,0.0,0.0,0.0,0.0,-36356.15789
t411,35587.26681378274,0.0,-255.3373117827386,0.0,0.0,0.0,0.0,0.0,0.0,-35392.98993
t412,35637.399932,0.0,-726.0,0.0,0.0,0.0,0.0,0.0,0.0,-34972.46036
t413,36000.260751999995,0.0,-726.0,0.0,0.0,0.0,0.0,0.0,0.0,-35335.32118
t414,37362.179252,0.0,-726.0,0.0,0.0,0.0,0.0,0.0,0.0,-36697.23968
t415,39041.11752199999,0.0,-0.0,0.0,0.0,0.0,0.0,0.0,0.0,-39102.17795
t416,40309.06677265349,44.409269346504374,-0.0,0.0,0.0,0.0,0.0,0.0,0.0,-40414.53647
t417,41587.781231999994,0.0,-0.0,0.0,0.0,0.0,0.0,0.0,0.0,-41648.84166
t418,43299.06183199999,0.0,-0.0,0.0,0.0,0.0,0.0,0.0,0.0,-43360.12226
t419,45243.22315192099,0.0,-52.78090992099169,0.0,0.0,0.0,0.0,0.0,0.0,-45251.50267
t420,46863.93971199999,0.0,-0.0,0.0,0.0,0.0,0.0,0.0,0.0,-46925.00014
t421,48036.009532,0.0,-0.0,0.0,0.0,0.0,0.0,0.0,0.0,-48097.06996
t422,48238.831262,726.0,-0.0,0.0,0.0,0.0,0.0,0.0,0.0,-49025.89169
t423,48961.69558199999,726.0,-0.0,0.0,0.0,0.0,0.0,0.0,0.0,-49748.75601
t424,49497.278501999994,726.0,-0.0,0.0,0.0,0.0,0.0,0.0,0.0,-50284.33893
t425,49466.42500873194,493.4465332680581,-0.0,0.0,0.0,0.0,0.0,0.0,0.0,-50020.93197
t426,48754.04292199999,0.0,-0.0,0.0,0.0,0.0,0.0,0.0,0.0,-48815.10335
t427,46967.189911999994,0.0,-0.0,0.0,0.0,0.0,0.0,0.0,0.0,-47028.25034
t428,45187.897942,0.0,-0.0,0.0,0.0,0.0,0.0,0.0,0.0,-45248.95837
t429,44396.639942,0.0,-0.0,0.0,0.0,0.0,0.0,0.0,0.0,-44457.70037
t430,42968.288702,0.0,-0.0,0.0,0.0,0.0,0.0,0.0,0.0,-43029.34913
t431,40398.965901999996,0.0,-0.0,0.0,0.0,0.0,0.0,0.0,0.0,-40460.02633
t432,37781.677632,0.0,-0.0,0.0,0.0,0.0,0.0,0.0,0.0,-37842.73806
t433,35465.35126199999,0.0,-0.0,0.0,0.0,0.0,0.0,0.0,0.0,-35526.41169
t434,33940.49106062578,0.0,-88.8846086257896,0.0,0.0,0.0,0.0,0.0,0.0,-33912.66688
t435,33086.38688199999,0.0,-726.0,0.0,0.0,0.0,0.0,0.0,0.0,-32421.44731
t436,32516.569312,0.0,-726.0,0.0,0.0,0.0,0.0,0.0,0.0,-31851.62974
t437,32718.695732,0.0,-726.0,0.0,0.0,0.0,0.0,0.0,0.0,-32053.75616
t438,34068.950291999994,0.0,-726.0,0.0,0.0,0.0,0.0,0.0,0.0,-33404.01072
t439,36029.361897706,0.0,-163.79121570600455,0.0,0.0,0.0,0.0,0.0,0.0,-35926.63111
t440,37120.785892434775,0.0,-0.06313043478287553,0.0,0.0,0.0,0.0,0.0,0.0,-37181.78319
t441,38036.80575199999,0.0,-0.0,0.0,0.0,0.0,0.0,0.0,0.0,-38097.86618
t442,38855.678411606954,0.0,-0.12625960695676558,0.0,0.0,0.0,0.0,0.0,0.0,-38916.61258
t443,39493.066482,0.0,-0.0,0.0,0.0,0.0,0.0,0.0,0.0,-39554.12691
t444,40013.832301999995,0.0,-0.0,0.0,0.0,0.0,0.0,0.0,0.0,-40074.89273
t445,40128.963702,0.0,-0.0,0.0,0.0,0.0,0.0,0.0,0.0,-40190.02413
t446,40152.952392,0.0,-0.0,0.0,0.0,0.0,0.0,0.0,0.0,-40214.01282
t447,40205.92649154808,0.0,-0.3156395480790825,0.0,0.0,0.0,0.0,0.0,0.0,-40266.67128
t448,40718.541031999994,0.0,-0.0,0.0,0.0,0.0,0.0,0.0,0.0,-40779.60146
t449,41180.56582171399,38.05463028600383,-0.0,0.0,0.0,0.0,0.0,0.0,0.0,-41279.68088
t450,41153.32606618715,194.25168581284694,-0.0,0.0,0.0,0.0,0.0,0.0,0.0,-41408.63818
t451,40824.70080348,228.65210851999655,-0.0,0.0,0.0,0.0,0.0,0.0,0.0,-41114.41334
t452,39949.531282,726.0,-0.0,0.0,0.0,0.0,0.0,0.0,0.0,-40736.59171
t453,40163.554432,726.0,-0.0,0.0,0.0,0.0,0.0,0.0,0.0,-40950.61486
t454,39350.519262,726.0,-0.0,0.0,0.0,0.0,0.0,0.0,0.0,-40137.57969
t455,37741.48292432,32.4235376800043,-0.0,0.0,0.0,0.0,0.0,0.0,0.0,-37834.96689
t456,35424.562632,0.0,-0.0,0.0,0.0,0.0,0.0,0.0,0.0,-35485.62306
t457,33680.358059687955,0.0,-252.6290676879531,0.0,0.0,0.0,0.0,0.0,0.0,-33488.78942
t458,32945.597812,0.0,-726.0,0.0,0.0,0.0,0.0,0.0,0.0,-32280.65824
t459,32270.494772,0.0,-726.0,0.0,0.0,0.0,0.0,0.0,0.0,-31605.5552
t460,32026.339192000003,0.0,-726.0,0.0,0.0,0.0,0.0,0.0,0.0,-31361.39962
t461,32336.465972,0.0,-726.0,0.0,0.0,0.0,0.0,0.0,0.0,-31671.5264
t462,32997.27205243478,0.0,-0.06313043478287553,0.0,0.0,0.0,0.0,0.0,0.0,-33058.26935
t463,35478.47955243479,0.0,-0.06313043478287553,0.0,0.0,0.0,0.0,0.0,0.0,-35539.47685
t464,36681.411951999995,0.0,-0.0,0.0,0.0,0.0,0.0,0.0,0.0,-36742.47238
t465,37617.080532,0.0,-0.0,0.0,0.0,0.0,0.0,0.0,0.0,-37678.14096
t466,38496.146821999995,0.0,-0.0,0.0,0.0,0.0,0.0,0.0,0.0,-38557.20725
t467,39316.403262,0.0,-0.0,0.0,0.0,0.0,0.0,0.0,0.0,-39377.46369
t468,40235.550082,0.0,-0.0,0.0,0.0,0.0,0.0,0.0,0.0,-40296.61051
t469,41159.557702,0.0,-0.0,0.0,0.0,0.0,0.0,0.0,0.0,-41220.61813
t470,41781.974680306,292.9188016939934,-0.0,0.0,0.0,0.0,0.0,0.0,0.0,-42135.95391
t471,42049.05332199999,726.0,-0.0,0.0,0.0,0.0,0.0,0.0,0.0,-42836.11375
t472,42697.24720480614,568.6307471938553,-0.0,0.0,0.0,0.0,0.0,0.0,0.0,-43326.93838
t473,43088.178060618004,714.1855513819901,-0.0,0.0,0.0,0.0,0.0,0.0,0.0,-43863.42404
t474,43581.368202453,369.4612095470038,-0.0,0.0,0.0,0.0,0.0,0.0,0.0,-44011.88984
t475,43583.788821999995,0.0,-0.0,0.0,0.0,0.0,0.0,0.0,0.0,-43644.84925
t476,42819.798621999995,0.0,-0.0,0.0,0.0,0.0,0.0,0.0,0.0,-42880.85905
t477,42924.70053199999,0.0,-0.0,0.0,0.0,0.0,0.0,0.0,0.0,-42985.76096
t478,42334.283132,0.0,-0.0,0.0,0.0,0.0,0.0,0.0,0.0,-42395.34356
t479,39858.987762,0.0,-0.0,0.0,0.0,0.0,0.0,0.0,0.0,-39920.04819
t480,37039.44444199999,0.0,-0.0,0.0,0.0,0.0,0.0,0.0,0.0,-37100.50487
t481,34743.426702,0.0,-0.0,0.0,0.0,0.0,0.0,0.0,0.0,-34804.48713
t482,33328.00537199999,0.0,-0.0,0.0,0.0,0.0,0.0,0.0,0.0,-33389.0658
t483,32694.273980201997,0.0,-304.0477082020034,0.0,0.0,0.0,0.0,0.0,0.0,-32451.2867
t484,32645.473090805997,0.0,-632.5196088060029,0.0,0.0,0.0,0.0,0.0,0.0,-32074.01391
t485,32304.334334839285,0.0,-112.97986283928863,0.0,0.0,0.0,0.0,0.0,0.0,-32252.4149
t486,34237.281061999995,0.0,-726.0,0.0,0.0,0.0,0.0,0.0,0.0,-33572.34149
t487,35701.70882199999,0.0,-0.0,0.0,0.0,0.0,0.0,0.0,0.0,-35762.76925
t488,36988.491131999996,0.0,-0.0,0.0,0.0,0.0,0.0,0.0,0.0,-37049.55156
t489,38158.811502,0.0,-0.0,0.0,0.0,0.0,0.0,0.0,0.0,-38219.87193
t490,39655.729331999995,0.0,-0.0,0.0,0.0,0.0,0.0,0.0,0.0,-39716.78976
t491,41061.354982000004,0.0,-0.0,0.0,0.0,0.0,0.0,0.0,0.0,-41122.41541
t492,42383.155591999996,0.0,-0.0,0.0,0.0,0.0,0.0,0.0,0.0,-42444.21602
t493,43855.907962,0.0,-0.0,0.0,0.0,0.0,0.0,0.0,0.0,-43916.96839
t494,45614.53934200001,0.0,-0.0,0.0,0.0,0.0,0.0,0.0,0.0,-45675.59977
t495,46915.01723647601,212.18279552398963,-0.0,0.0,0.0,0.0,0.0,0.0,0.0,-47188.26046
t496,47917.698986815,541.3649351849945,-0.0,0.0,0.0,0.0,0.0,0.0,0.0,-48520.12435
t497,48530.84115199999,726.0,-0.0,0.0,0.0,0.0,0.0,0.0,0.0,-49317.90158
t498,49027.097210512,22.924911487993995,-0.0,0.0,0.0,0.0,0.0,0.0,0.0,-49111.08255
t499,47882.152841999996,0.0,-0.0,0.0,0.0,0.0,0.0,0.0,0.0,-47943.21327
t500,46118.155781999994,0.0,-0.0,0.0,0.0,0.0,0.0,0.0,0.0,-46179.21621
t501,45235.62018199999,0.0,-0.0,0.0,0.0,0.0,0.0,0.0,0.0,-45296.68061
t502,44142.961961999994,0.0,-0.0,0.0,0.0,0.0,0.0,0.0,0.0,-44204.02239
t503,42065.909841999994,0.0,-0.0,0.0,0.0,0.0,0.0,0.0,0.0,-42126.97027
t504,39281.00103199999,0.0,-0.0,0.0,0.0,0.0,0.0,0.0,0.0,-39342.06146
t505,36792.514572,0.0,-0.0,0.0,0.0,0.0,0.0,0.0,0.0,-36831.34994
t506,35699.874410873716,0.0,-616.9949808737123,0.0,0.0,0.0,0.0,0.0,0.0,-35082.87943
t507,34419.65964,0.0,-726.0,0.0,0.0,0.0,0.0,0.0,0.0,-33693.65964
t508,33627.91354000001,0.0,-726.0,0.0,0.0,0.0,0.0,0.0,0.0,-32901.91354
t509,33196.792281999995,0.0,-726.0,0.0,0.0,0.0,0.0,0.0,0.0,-32509.62765
t510,32961.229806522,0.0,-290.6134545220002,0.0,0.0,0.0,0.0,0.0,0.0,-32731.67678
t511,33388.63620213,0.0,-71.11149012999795,0.0,0.0,0.0,0.0,0.0,0.0,-33378.58514
t512,34423.991541999996,0.0,-0.0,0.0,0.0,0.0,0.0,0.0,0.0,-34485.05197
t513,36664.533302,0.0,-0.0,0.0,0.0,0.0,0.0,0.0,0.0,-36725.59373
t514,39178.339971999994,0.0,-0.0,0.0,0.0,0.0,0.0,0.0,0.0,-39239.4004
t515,41346.312291999995,0.0,-0.0,0.0,0.0,0.0,0.0,0.0,0.0,-41407.37272
t516,43118.41854199999,0.0,-0.0,0.0,0.0,0.0,0.0,0.0,0.0,-43179.47897
t517,44429.961782,0.0,-0.0,0.0,0.0,0.0,0.0,0.0,0.0,-44491.02221
t518,45525.267561999986,0.0,-0.0,0.0,0.0,0.0,0.0,0.0,0.0,-45586.32799
t519,46246.643061999996,0.0,-0.0,0.0,0.0,0.0,0.0,0.0,0.0,-46307.70349
t520,46414.559091999996,0.0,-0.0,0.0,0.0,0.0,0.0,0.0,0.0,-46475.61952
t521,46176.524871999995,0.0,-0.0,0.0,0.0,0.0,0.0,0.0,0.0,-46237.5853
t522,45729.012092,0.0,-0.0,0.0,0.0,0.0,0.0,0.0,0.0,-45790.07252
t523,45075.435421999995,0.0,-0.0,0.0,0.0,0.0,0.0,0.0,0.0,-45136.49585
t524,44129.435681999996,0.0,-0.0,0.0,0.0,0.0,0.0,0.0,0.0,-44190.49611
t525,43903.268921999996,0.0,-0.0,0.0,0.0,0.0,0.0,0.0,0.0,-43964.32935
t526,43192.445682,0.0,-0.0,0.0,0.0,0.0,0.0,0.0,0.0,-43253.50611
t527,41402.067202000006,0.0,-0.0,0.0,0.0,0.0,0.0,0.0,0.0,-41463.12763
t528,39173.116012,0.0,-0.0,0.0,0.0,0.0,0.0,0.0,0.0,-39234.17644
t529,36999.556232,0.0,-0.0,0.0,0.0,0.0,0.0,0.0,0.0,-37060.61666
t530,35387.76156199999,0.0,-0.0,0.0,0.0,0.0,0.0,0.0,0.0,-35448.82199
t531,34094.120072,0.0,-0.0,0.0,0.0,0.0,0.0,0.0,0.0,-34155.1805
t532,33361.54061601619,0.0,-1.3254740161923821,0.0,0.0,0.0,0.0,0.0,0.0,-33421.27557
t533,33031.74019243478,0.0,-0.06313043478287553,0.0,0.0,0.0,0.0,0.0,0.0,-33092.73749
t534,32955.78918199999,0.0,-0.0,0.0,0.0,0.0,0.0,0.0,0.0,-33016.84961
t535,33289.04292160695,0.0,-0.12625960695676558,0.0,0.0,0.0,0.0,0.0,0.0,-33349.97709
t536,33864.593412,0.0,-0.0,0.0,0.0,0.0,0.0,0.0,0.0,-33925.65384
t537,35756.403752,0.0,-0.0,0.0,0.0,0.0,0.0,0.0,0.0,-35817.46418
t538,37945.990812000004,0.0,-0.0,0.0,0.0,0.0,0.0,0.0,0.0,-38007.05124
t539,39779.192672000005,0.0,-0.0,0.0,0.0,0.0,0.0,0.0,0.0,-39840.2531
t540,41051.65669154808,0.0,-0.3156395480790825,0.0,0.0,0.0,0.0,0.0,0.0,-41112.40148
t541,41758.382710467,80.98155153299922,-0.0,0.0,0.0,0.0,0.0,0.0,0.0,-41900.42469
t542,42381.75408199999,0.0,-0.0,0.0,0.0,0.0,0.0,0.0,0.0,-42442.81451
t543,42364.93324480142,412.4542671985771,-0.0,0.0,0.0,0.0,0.0,0.0,0.0,-42838.44794
t544,42605.94602199999,726.0,-0.0,0.0,0.0,0.0,0.0,0.0,0.0,-43393.00645
t545,43350.24074199998,726.0,-0.0,0.0,0.0,0.0,0.0,0.0,0.0,-44137.30117
t546,44075.05997199998,726.0,-0.0,0.0,0.0,0.0,0.0,0.0,0.0,-44862.1204
t547,45030.48914199999,0.0,-0.0,0.0,0.0,0.0,0.0,0.0,0.0,-45091.54957
t548,44567.752472,0.0,-0.0,0.0,0.0,0.0,0.0,0.0,0.0,-44628.8129
t549,44490.448092,0.0,-0.0,0.0,0.0,0.0,0.0,0.0,0.0,-44551.50852
t550,44160.858402000005,0.0,-0.0,0.0,0.0,0.0,0.0,0.0,0.0,-44221.91883
t551,42009.402462,0.0,-0.0,0.0,0.0,0.0,0.0,0.0,0.0,-42070.46289
t552,39272.529372000005,0.0,-0.0,0.0,0.0,0.0,0.0,0.0,0.0,-39333.5898
t553,37626.919412,0.0,-726.0,0.0,0.0,0.0,0.0,0.0,0.0,-36961.97984
t554,36132.126632,0.0,-726.0,0.0,0.0,0.0,0.0,0.0,0.0,-35467.18706
t555,35268.889512,0.0,-726.0,0.0,0.0,0.0,0.0,0.0,0.0,-34603.94994
t556,34395.51924137585,0.0,-252.65746937585098,0.0,0.0,0.0,0.0,0.0,0.0,-34203.9222
t557,35259.182332,0.0,-726.0,0.0,0.0,0.0,0.0,0.0,0.0,-34594.24276
t558,35975.19547243478,0.0,-0.06313043478287553,0.0,0.0,0.0,0.0,0.0,0.0,-36036.19277
t559,38282.448842,0.0,-0.0,0.0,0.0,0.0,0.0,0.0,0.0,-38343.50927
t560,39877.43305199999,0.0,-0.0,0.0,0.0,0.0,0.0,0.0,0.0,-39938.49348
t561,41222.534446946,331.3784350539954,-0.0,0.0,0.0,0.0,0.0,0.0,0.0,-41614.97331
t562,43336.54903908559,0.0,-162.32488708559706,0.0,0.0,0.0,0.0,0.0,0.0,-43235.28458
t563,45088.536044798995,0.0,-229.493502799005,0.0,0.0,0.0,0.0,0.0,0.0,-44920.10297
t564,46627.765894250006,48.33001774999502,-0.0,0.0,0.0,0.0,0.0,0.0,0.0,-46737.15634
t565,48455.214892,0.0,-0.0,0.0,0.0,0.0,0.0,0.0,0.0,-48516.27532
t566,50076.956161325994,111.89124067399644,-0.0,0.0,0.0,0.0,0.0,0.0,0.0,-50249.90783
t567,50504.93169199999,726.0,-0.0,0.0,0.0,0.0,0.0,0.0,0.0,-51291.99212
t568,50523.134272,726.0,-0.0,0.0,0.0,0.0,0.0,0.0,0.0,-51310.1947
t569,49821.58285199999,726.0,-0.0,0.0,0.0,0.0,0.0,0.0,0.0,-50608.64328
t570,49955.28473400134,333.1865979986542,-0.0,0.0,0.0,0.0,0.0,0.0,0.0,-50349.53176
t571,49701.926461999996,0.0,-0.0,0.0,0.0,0.0,0.0,0.0,0.0,-49762.98689
t572,48009.493491999994,0.0,-0.0,0.0,0.0,0.0,0.0,0.0,0.0,-48070.55392
t573,47138.586202,0.0,-0.0,0.0,0.0,0.0,0.0,0.0,0.0,-47199.64663
t574,45914.705862,0.0,-0.0,0.0,0.0,0.0,0.0,0.0,0.0,-45975.76629
t575,43126.09966199999,0.0,-0.0,0.0,0.0,0.0,0.0,0.0,0.0,-43187.16009
t576,40495.208812,0.0,-726.0,0.0,0.0,0.0,0.0,0.0,0.0,-39830.26924
t577,37346.406023282,0.0,-217.81904128200676,0.0,0.0,0.0,0.0,0.0,0.0,-37189.64741
t578,35461.99033948399,0.0,-185.36831748400346,0.0,0.0,0.0,0.0,0.0,0.0,-35337.68245
t579,34127.780672479996,0.0,-300.2762904800029,0.0,0.0,0.0,0.0,0.0,0.0,-33888.56481
t580,33284.33045270916,0.0,-301.14925070916456,0.0,0.0,0.0,0.0,0.0,0.0,-33044.24163
t581,33780.449260472,0.0,-700.0766284720003,0.0,0.0,0.0,0.0,0.0,0.0,-33141.43306
t582,34868.164491999996,0.0,-726.0,0.0,0.0,0.0,0.0,0.0,0.0,-34203.22492
t583,36419.84548199999,0.0,-0.0,0.0,0.0,0.0,0.0,0.0,0.0,-36480.90591
t584,37736.89169199999,0.0,-0.0,0.0,0.0,0.0,0.0,0.0,0.0,-37797.95212
t585,39149.11831199999,0.0,-0.0,0.0,0.0,0.0,0.0,0.0,0.0,-39210.17874
t586,40855.26677616357,0.0,-0.2525141635799074,0.0,0.0,0.0,0.0,0.0,0.0,-40916.07469
t587,42802.919152434784,0.0,-0.06313043478287553,0.0,0.0,0.0,0.0,0.0,0.0,-42863.91645
t588,44413.160531999994,0.0,-0.0,0.0,0.0,0.0,0.0,0.0,0.0,-44474.22096
t589,45456.192202000006,0.0,-0.0,0.0,0.0,0.0,0.0,0.0,0.0,-45517.25263
t590,46396.804819516554,0.0,-0.18938751654737326,0.0,0.0,0.0,0.0,0.0,0.0,-46457.67586
t591,46883.465392,0.0,-0.0,0.0,0.0,0.0,0.0,0.0,0.0,-46944.52582
t592,46845.39069199999,0.0,-0.0,0.0,0.0,0.0,0.0,0.0,0.0,-46906.45112
t593,46298.753140632005,443.0228613680056,-0.0,0.0,0.0,0.0,0.0,0.0,0.0,-46802.83643
t594,45846.17007199999,726.0,-0.0,0.0,0.0,0.0,0.0,0.0,0.0,-46633.2305
t595,45691.858134022,280.5983879779942,-0.0,0.0,0.0,0.0,0.0,0.0,0.0,-46033.51695
t596,45114.193492000006,0.0,-0.0,0.0,0.0,0.0,0.0,0.0,0.0,-45175.25392
t597,44281.619481999995,726.0,-0.0,0.0,0.0,0.0,0.0,0.0,0.0,-45068.67991
t598,43466.49403588611,495.7650461138862,-0.0,0.0,0.0,0.0,0.0,0.0,0.0,-44023.31951
t599,40823.064682,0.0,-0.0,0.0,0.0,0.0,0.0,0.0,0.0,-40884.12511
t600,37606.108911999996,0.0,-0.0,0.0,0.0,0.0,0.0,0.0,0.0,-37667.16934
t601,35257.539712000005,0.0,-0.0,0.0,0.0,0.0,0.0,0.0,0.0,-35318.60014
t602,34381.88473199999,0.0,-726.0,0.0,0.0,0.0,0.0,0.0,0.0,-33716.94516
t603,33431.41580199999,0.0,-726.0,0.0,0.0,0.0,0.0,0.0,0.0,-32766.47623
t604,32939.079811999996,0.0,-726.0,0.0,0.0,0.0,0.0,0.0,0.0,-32274.14024
t605,33110.26992199999,0.0,-726.0,0.0,0.0,0.0,0.0,0.0,0.0,-32445.33035
t606,33802.29342822647,0.0,-252.666936226464,0.0,0.0,0.0,0.0,0.0,0.0,-33610.68692
t607,35768.821302000004,0.0,-0.0,0.0,0.0,0.0,0.0,0.0,0.0,-35829.88173
t608,37249.364422000006,0.0,-0.0,0.0,0.0,0.0,0.0,0.0,0.0,-37310.42485
t609,38530.907801999994,0.0,-0.0,0.0,0.0,0.0,0.0,0.0,0.0,-38591.96823
t610,39692.72638199999,0.0,-0.0,0.0,0.0,0.0,0.0,0.0,0.0,-39753.78681
t611,40664.052632,0.0,-0.0,0.0,0.0,0.0,0.0,0.0,0.0,-40725.11306
t612,41446.769375670076,0.0,-0.37876367007060174,0.0,0.0,0.0,0.0,0.0,0.0,-41507.45104
t613,42263.79713199999,0.0,-0.0,0.0,0.0,0.0,0.0,0.0,0.0,-42324.85756
t614,42483.534352,726.0,-0.0,0.0,0.0,0.0,0.0,0.0,0.0,-43270.59478
t615,43170.12090200001,726.0,-0.0,0.0,0.0,0.0,0.0,0.0,0.0,-43957.18133
t616,44140.93524092515,277.07125107484944,-0.0,0.0,0.0,0.0,0.0,0.0,0.0,-44479.06692
t617,44828.305516331995,38.904015667998465,-0.0,0.0,0.0,0.0,0.0,0.0,0.0,-44928.26996
t618,44006.358071999995,726.0,-0.0,0.0,0.0,0.0,0.0,0.0,0.0,-44793.4185
t619,43998.63985199999,0.0,-0.0,0.0,0.0,0.0,0.0,0.0,0.0,-44059.70028
t620,43161.963321999996,0.0,-0.0,0.0,0.0,0.0,0.0,0.0,0.0,-43223.02375
t621,42817.056025753,177.48699624700384,-0.0,0.0,0.0,0.0,0.0,0.0,0.0,-43055.60345
t622,42250.362992,0.0,-0.0,0.0,0.0,0.0,0.0,0.0,0.0,-42311.42342
t623,39930.66893199999,0.0,-0.0,0.0,0.0,0.0,0.0,0.0,0.0,-39991.72936
t624,37120.378842000006,0.0,-0.0,0.0,0.0,0.0,0.0,0.0,0.0,-37181.43927
t625,34955.907237978005,0.0,-185.13004597800045,0.0,0.0,0.0,0.0,0.0,0.0,-34831.83762
t626,33520.538334714,0.0,-295.2255727139991,0.0,0.0,0.0,0.0,0.0,0.0,-33286.37319
t627,32946.837251856006,0.0,-686.7259998559994,0.0,0.0,0.0,0.0,0.0,0.0,-32321.17168
t628,32493.756192,0.0,-726.0,0.0,0.0,0.0,0.0,0.0,0.0,-31828.81662
t629,32509.306455486003,0.0,-558.281603485998,0.0,0.0,0.0,0.0,0.0,0.0,-32012.08528
t630,33309.2438264396,0.0,-123.25892443959327,0.0,0.0,0.0,0.0,0.0,0.0,-33247.04533
t631,36007.870792308,0.0,-582.0746203079934,0.0,0.0,0.0,0.0,0.0,0.0,-35486.8566
t632,36839.13917200001,0.0,-0.0,0.0,0.0,0.0,0.0,0.0,0.0,-36900.1996
t633,38224.93164160697,0.0,-0.12625960695676558,0.0,0.0,0.0,0.0,0.0,0.0,-38285.86581
t634,39834.262021999995,0.0,-0.0,0.0,0.0,0.0,0.0,0.0,0.0,-39895.32245
t635,41453.384331999994,0.0,-0.0,0.0,0.0,0.0,0.0,0.0,0.0,-41514.44476
t636,43051.522602,0.0,-0.0,0.0,0.0,0.0,0.0,0.0,0.0,-43112.58303
t637,44515.145696342006,185.13579565799773,-0.0,0.0,0.0,0.0,0.0,0.0,0.0,-44761.34192
t638,45511.213472,726.0,-0.0,0.0,0.0,0.0,0.0,0.0,0.0,-46298.2739
t639,47043.017722000004,726.0,-0.0,0.0,0.0,0.0,0.0,0.0,0.0,-47830.07815
t640,48559.83530199999,726.0,-0.0,0.0,0.0,0.0,0.0,0.0,0.0,-49346.89573
t641,50391.018707278636,308.21869472135984,-0.0,0.0,0.0,0.0,0.0,0.0,0.0,-50760.29783
t642,51241.010082,0.0,-0.0,0.0,0.0,0.0,0.0,0.0,0.0,-51302.07051
t643,50694.769752,0.0,-0.0,0.0,0.0,0.0,0.0,0.0,0.0,-50755.83018
t644,49347.36040200001,0.0,-0.0,0.0,0.0,0.0,0.0,0.0,0.0,-49408.42083
t645,48303.205102,0.0,-0.0,0.0,0.0,0.0,0.0,0.0,0.0,-48364.26553
t646,47288.654892,0.0,-0.0,0.0,0.0,0.0,0.0,0.0,0.0,-47349.71532
t647,44627.50316199999,0.0,-0.0,0.0,0.0,0.0,0.0,0.0,0.0,-44688.56359
t648,41314.40644199999,0.0,-0.0,0.0,0.0,0.0,0.0,0.0,0.0,-41375.46687
t649,38505.710571999996,0.0,-0.0,0.0,0.0,0.0,0.0,0.0,0.0,-38566.771
t650,37323.92042200001,0.0,-726.0,0.0,0.0,0.0,0.0,0.0,0.0,-36636.75579
t651,36155.526730000005,0.0,-726.0,0.0,0.0,0.0,0.0,0.0,0.0,-35429.52673
t652,35559.817310000006,0.0,-726.0,0.0,0.0,0.0,0.0,0.0,0.0,-34833.81731
t653,35632.02583200001,0.0,-726.0,0.0,0.0,0.0,0.0,0.0,0.0,-34944.8612
t654,35983.100192,0.0,-0.0,0.0,0.0,0.0,0.0,0.0,0.0,-36044.16062
t655,38328.86493532252,0.0,-252.72501332252213,0.0,0.0,0.0,0.0,0.0,0.0,-38137.20035
t656,39464.88019243477,0.0,-0.06313043478287553,0.0,0.0,0.0,0.0,0.0,0.0,-39525.87749
t657,41118.290472,0.0,-0.0,0.0,0.0,0.0,0.0,0.0,0.0,-41179.3509
t658,43030.56107160695,0.0,-0.12625960695676558,0.0,0.0,0.0,0.0,0.0,0.0,-43091.49524
t659,45088.89167243479,0.0,-0.06313043478287553,0.0,0.0,0.0,0.0,0.0,0.0,-45149.88897
t660,47284.150561999995,0.0,-0.0,0.0,0.0,0.0,0.0,0.0,0.0,-47345.21099
t661,49198.433552,0.0,-0.0,0.0,0.0,0.0,0.0,0.0,0.0,-49259.49398
t662,50943.22898199999,0.0,-0.0,0.0,0.0,0.0,0.0,0.0,0.0,-51004.28941
t663,51283.678711026994,721.0131209730043,-0.0,0.0,0.0,0.0,0.0,0.0,0.0,-52065.75226
t664,52092.806211999996,726.0,-0.0,0.0,0.0,0.0,0.0,0.0,0.0,-52879.86664
t665,52616.06439199999,726.0,-0.0,0.0,0.0,0.0,0.0,0.0,0.0,-53403.12482
t666,52629.71437609999,498.37968590000764,-0.0,0.0,0.0,0.0,0.0,0.0,0.0,-53189.15449
t667,51773.092412,0.0,-0.0,0.0,0.0,0.0,0.0,0.0,0.0,-51834.15284
t668,50128.84710199999,0.0,-0.0,0.0,0.0,0.0,0.0,0.0,0.0,-50189.90753
t669,49063.77727199999,0.0,-0.0,0.0,0.0,0.0,0.0,0.0,0.0,-49124.8377
t670,48060.385411999996,0.0,-0.0,0.0,0.0,0.0,0.0,0.0,0.0,-48121.44584
t671,45803.449712,0.0,-0.0,0.0,0.0,0.0,0.0,0.0,0.0,-45864.51014
t672,43201.250771999985,0.0,-0.0,0.0,0.0,0.0,0.0,0.0,0.0,-43262.3112
t673,40745.988692,0.0,-0.0,0.0,0.0,0.0,0.0,0.0,0.0,-40807.04912
t674,39610.967661999995,0.0,-726.0,0.0,0.0,0.0,0.0,0.0,0.0,-38946.02809
t675,38161.330731999995,0.0,-726.0,0.0,0.0,0.0,0.0,0.0,0.0,-37496.39116
t676,37223.118191999994,0.0,-726.0,0.0,0.0,0.0,0.0,0.0,0.0,-36558.17862
t677,36800.382181999994,0.0,-726.0,0.0,0.0,0.0,0.0,0.0,0.0,-36135.44261
t678,36360.955448226465,0.0,-252.666936226464,0.0,0.0,0.0,0.0,0.0,0.0,-36169.34894
t679,36579.778441999995,0.0,-0.0,0.0,0.0,0.0,0.0,0.0,0.0,-36640.83887
t680,37269.32575160694,0.0,-0.12625960695676558,0.0,0.0,0.0,0.0,0.0,0.0,-37330.25992
t681,39196.42293243478,0.0,-0.06313043478287553,0.0,0.0,0.0,0.0,0.0,0.0,-39257.42023
t682,41280.24653791,136.71344408999175,-0.0,0.0,0.0,0.0,0.0,0.0,0.0,-41478.02041
t683,43271.2333800937,100.03448190629352,-0.0,0.0,0.0,0.0,0.0,0.0,0.0,-43432.32829
t684,44767.89397199999,0.0,-0.0,0.0,0.0,0.0,0.0,0.0,0.0,-44828.9544
t685,44742.338021999996,726.0,-0.0,0.0,0.0,0.0,0.0,0.0,0.0,-45529.39845
t686,45149.510912,726.0,-0.0,0.0,0.0,0.0,0.0,0.0,0.0,-45936.57134
t687,45562.424351069,559.4737209309969,-0.0,0.0,0.0,0.0,0.0,0.0,0.0,-46182.9585
t688,46021.174465532,423.19453646799957,-0.0,0.0,0.0,0.0,0.0,0.0,0.0,-46505.42943
t689,46630.079642,0.0,-0.0,0.0,0.0,0.0,0.0,0.0,0.0,-46691.14007
t690,46482.051552,0.0,-0.0,0.0,0.0,0.0,0.0,0.0,0.0,-46543.11198
t691,45584.767801999995,0.0,-0.0,0.0,0.0,0.0,0.0,0.0,0.0,-45645.82823
t692,44613.948041999996,0.0,-0.0,0.0,0.0,0.0,0.0,0.0,0.0,-44675.00847
t693,44372.61868199999,0.0,-0.0,0.0,0.0,0.0,0.0,0.0,0.0,-44433.67911
t694,43834.083572,0.0,-0.0,0.0,0.0,0.0,0.0,0.0,0.0,-43895.144
t695,42247.169312,0.0,-0.0,0.0,0.0,0.0,0.0,0.0,0.0,-42308.22974
t696,40259.463242,0.0,-0.0,0.0,0.0,0.0,0.0,0.0,0.0,-40320.52367
t697,38190.284591999996,0.0,-0.0,0.0,0.0,0.0,0.0,0.0,0.0,-38251.34502
t698,36456.33328199999,0.0,-0.0,0.0,0.0,0.0,0.0,0.0,0.0,-36517.39371
t699,35245.679341999996,0.0,-0.0,0.0,0.0,0.0,0.0,0.0,0.0,-35306.73977
t700,34518.691651999994,0.0,-0.0,0.0,0.0,0.0,0.0,0.0,0.0,-34579.75208
t701,34159.460832,0.0,-0.0,0.0,0.0,0.0,0.0,0.0,0.0,-34220.52126
t702,34073.016081999995,0.0,-0.0,0.0,0.0,0.0,0.0,0.0,0.0,-34134.07651
t703,34160.419601999994,0.0,-0.0,0.0,0.0,0.0,0.0,0.0,0.0,-34221.48003
t704,34730.38551199999,0.0,-0.0,0.0,0.0,0.0,0.0,0.0,0.0,-34791.44594
t705,36659.177952,0.0,-0.0,0.0,0.0,0.0,0.0,0.0,0.0,-36720.23838
t706,38808.392412,0.0,-0.0,0.0,0.0,0.0,0.0,0.0,0.0,-38869.45284
t707,40856.84016199999,0.0,-0.0,0.0,0.0,0.0,0.0,0.0,0.0,-40917.90059
t708,42421.695841999994,0.0,-0.0,0.0,0.0,0.0,0.0,0.0,0.0,-42482.75627
t709,43412.221831999996,0.0,-0.0,0.0,0.0,0.0,0.0,0.0,0.0,-43473.28226
t710,43901.99630199999,0.0,-0.0,0.0,0.0,0.0,0.0,0.0,0.0,-43963.05673
t711,44212.946332,0.0,-0.0,0.0,0.0,0.0,0.0,0.0,0.0,-44274.00676
t712,44571.226621999995,0.0,-0.0,0.0,0.0,0.0,0.0,0.0,0.0,-44632.28705
t713,44897.062112,0.0,-0.0,0.0,0.0,0.0,0.0,0.0,0.0,-44958.12254
t714,45039.443591999996,0.0,-0.0,0.0,0.0,0.0,0.0,0.0,0.0,-45100.50402
t715,44734.18872199999,0.0,-0.0,0.0,0.0,0.0,0.0,0.0,0.0,-44795.24915
t716,44213.016401999994,0.0,-0.0,0.0,0.0,0.0,0.0,0.0,0.0,-44274.07683
t717,44343.33846199999,0.0,-0.0,0.0,0.0,0.0,0.0,0.0,0.0,-44404.39889
t718,43937.43795199999,0.0,-0.0,0.0,0.0,0.0,0.0,0.0,0.0,-43998.49838
t719,41908.935192,0.0,-0.0,0.0,0.0,0.0,0.0,0.0,0.0,-41969.99562
t720,39258.979281999986,0.0,-0.0,0.0,0.0,0.0,0.0,0.0,0.0,-39320.03971
t721,37229.22552243,0.0,-255.59789043000546,0.0,0.0,0.0,0.0,0.0,0.0,-37034.68806
t722,36180.897582000005,0.0,-726.0,0.0,0.0,0.0,0.0,0.0,0.0,-35515.95801
t723,35269.653712,0.0,-726.0,0.0,0.0,0.0,0.0,0.0,0.0,-34604.71414
t724,34762.119922000005,0.0,-726.0,0.0,0.0,0.0,0.0,0.0,0.0,-34097.18035
t725,35156.75826675663,0.0,-723.0314147566426,0.0,0.0,0.0,0.0,0.0,0.0,-34494.78728
t726,35826.65682243478,0.0,-0.06313043478287553,0.0,0.0,0.0,0.0,0.0,0.0,-35887.65412
t727,38230.325112000006,0.0,-0.0,0.0,0.0,0.0,0.0,0.0,0.0,-38291.38554
t728,39717.83519160696,0.0,-0.12625960695676558,0.0,0.0,0.0,0.0,0.0,0.0,-39778.76936
t729,40674.974964941954,519.7040370580418,-0.0,0.0,0.0,0.0,0.0,0.0,0.0,-41255.73943
t730,42743.7837616,0.0,-0.0,0.0,0.0,0.0,0.0,0.0,0.0,-42804.7974
t731,44180.722581199996,0.0,-0.0,0.0,0.0,0.0,0.0,0.0,0.0,-44241.68943
t732,45351.2075712,0.0,-0.0,0.0,0.0,0.0,0.0,0.0,0.0,-45412.17442
t733,46357.5530208,0.0,-0.0,0.0,0.0,0.0,0.0,0.0,0.0,-46418.47308
t734,47522.66722039999,0.0,-0.0,0.0,0.0,0.0,0.0,0.0,0.0,-47583.54049
t735,47709.930859612,699.6207503879996,-0.0,0.0,0.0,0.0,0.0,0.0,0.0,-48470.37809
t736,48589.669720000005,726.0,-0.0,0.0,0.0,0.0,0.0,0.0,0.0,-49376.4962
t737,49443.07339959999,726.0,-0.0,0.0,0.0,0.0,0.0,0.0,0.0,-50229.85309
t738,50043.5685792,0.0,-0.0,0.0,0.0,0.0,0.0,0.0,0.0,-50104.30148
t739,49206.6935592,0.0,-0.0,0.0,0.0,0.0,0.0,0.0,0.0,-49267.42646
t740,48005.2278788,0.0,-0.0,0.0,0.0,0.0,0.0,0.0,0.0,-48065.91399
t741,47428.7239884,0.0,-0.0,0.0,0.0,0.0,0.0,0.0,0.0,-47489.36331
t742,46594.4311384,0.0,-0.0,0.0,0.0,0.0,0.0,0.0,0.0,-46655.07046
t743,44064.385797999996,0.0,-0.0,0.0,0.0,0.0,0.0,0.0,0.0,-44124.97833
t744,40923.673997599995,0.0,-0.0,0.0,0.0,0.0,0.0,0.0,0.0,-40984.21974
t745,38886.121914589996,0.0,-361.1797169900028,0.0,0.0,0.0,0.0,0.0,0.0,-38585.48794
t746,37768.33845719999,0.0,-726.0,0.0,0.0,0.0,0.0,0.0,0.0,-37102.83741
t747,36741.632596799995,0.0,-726.0,0.0,0.0,0.0,0.0,0.0,0.0,-36076.08476
t748,36133.2244668,0.0,-726.0,0.0,0.0,0.0,0.0,0.0,0.0,-35467.67663
t749,36236.30616088937,0.0,-617.4580344893768,0.0,0.0,0.0,0.0,0.0,0.0,-35679.2535
t750,36935.06715643478,0.0,-0.06313043478287553,0.0,0.0,0.0,0.0,0.0,0.0,-36995.36261
t751,39032.84795603478,0.0,-0.06313043478287553,0.0,0.0,0.0,0.0,0.0,0.0,-39093.09662
t752,40496.9562656,0.0,-0.0,0.0,0.0,0.0,0.0,0.0,0.0,-40557.26806
t753,42259.1568352,0.0,-0.0,0.0,0.0,0.0,0.0,0.0,0.0,-42319.42184
t754,44262.383764800004,0.0,-0.0,0.0,0.0,0.0,0.0,0.0,0.0,-44322.60198
t755,46368.862334800004,0.0,-0.0,0.0,0.0,0.0,0.0,0.0,0.0,-46429.08055
t756,47974.4686244,0.0,-0.0,0.0,0.0,0.0,0.0,0.0,0.0,-48034.64005
t757,49260.704824,0.0,-0.0,0.0,0.0,0.0,0.0,0.0,0.0,-49320.82946
t758,50500.09778399999,0.0,-0.0,0.0,0.0,0.0,0.0,0.0,0.0,-50560.22242
t759,51580.585303600004,0.0,-0.0,0.0,0.0,0.0,0.0,0.0,0.0,-51640.66315
t760,51823.221930033695,493.1120131663099,-0.0,0.0,0.0,0.0,0.0,0.0,0.0,-52376.365
t761,52452.047843199995,726.0,-0.0,0.0,0.0,0.0,0.0,0.0,0.0,-53238.0789
t762,52987.9395528,726.0,-0.0,0.0,0.0,0.0,0.0,0.0,0.0,-53773.92382
t763,52446.55001239999,726.0,-0.0,0.0,0.0,0.0,0.0,0.0,0.0,-53232.48749
t764,51678.68778199999,0.0,-0.0,0.0,0.0,0.0,0.0,0.0,0.0,-51738.57847
t765,50423.990132,0.0,-0.0,0.0,0.0,0.0,0.0,0.0,0.0,-50483.88082
t766,49203.13903159999,0.0,-0.0,0.0,0.0,0.0,0.0,0.0,0.0,-49262.98293
t767,46408.202981200004,0.0,-0.0,0.0,0.0,0.0,0.0,0.0,0.0,-46468.00009
t768,43032.76773119999,0.0,-0.0,0.0,0.0,0.0,0.0,0.0,0.0,-43092.56484
t769,40339.554920799994,0.0,-0.0,0.0,0.0,0.0,0.0,0.0,0.0,-40399.30524
t770,38711.97127788099,0.0,-111.05404748099538,0.0,0.0,0.0,0.0,0.0,0.0,-38660.62076
t771,38228.21231200001,0.0,-726.0,0.0,0.0,0.0,0.0,0.0,0.0,-37541.04768
t772,37623.60469000001,0.0,-726.0,0.0,0.0,0.0,0.0,0.0,0.0,-36897.60469
t773,37563.15975200001,0.0,-726.0,0.0,0.0,0.0,0.0,0.0,0.0,-36875.99512
t774,38642.0994796,0.0,-726.0,0.0,0.0,0.0,0.0,0.0,0.0,-37975.70943
t775,40159.108862905996,0.0,-141.62399370600815,0.0,0.0,0.0,0.0,0.0,0.0,-40077.04803
t776,41656.97598923478,0.0,-0.06313043478287553,0.0,0.0,0.0,0.0,0.0,0.0,-41716.42923
t777,43872.3884188,0.0,-0.0,0.0,0.0,0.0,0.0,0.0,0.0,-43931.90479
t778,46349.7964384,0.0,-0.0,0.0,0.0,0.0,0.0,0.0,0.0,-46409.26602
t779,49215.68580551654,0.0,-0.18938751654737326,0.0,0.0,0.0,0.0,0.0,0.0,-49274.91921
t780,52249.0265576,0.0,-0.0,0.0,0.0,0.0,0.0,0.0,0.0,-52308.40256
t781,54955.865707599994,0.0,-0.0,0.0,0.0,0.0,0.0,0.0,0.0,-55015.24171
t782,57219.665204624,299.3773025760056,-0.0,0.0,0.0,0.0,0.0,0.0,0.0,-57578.37172
t783,59046.618937670995,713.8303191289942,-0.0,0.0,0.0,0.0,0.0,0.0,0.0,-59819.73168
t784,60917.4155568,726.0,-0.0,0.0,0.0,0.0,0.0,0.0,0.0,-61702.69798
t785,62323.31660690218,438.0211794978173,-0.0,0.0,0.0,0.0,0.0,0.0,0.0,-62820.57342
t786,62129.718791399995,494.1817646000036,-0.0,0.0,0.0,0.0,0.0,0.0,0.0,-62683.0894
t787,61105.20769599999,0.0,-0.0,0.0,0.0,0.0,0.0,0.0,0.0,-61164.39654
t788,58540.095615599996,0.0,-0.0,0.0,0.0,0.0,0.0,0.0,0.0,-58599.23767
t789,56395.080925199996,0.0,-0.0,0.0,0.0,0.0,0.0,0.0,0.0,-56454.17619
t790,54562.90413519999,0.0,-0.0,0.0,0.0,0.0,0.0,0.0,0.0,-54621.9994
t791,50992.1390348,0.0,-0.0,0.0,0.0,0.0,0.0,0.0,0.0,-51051.18751
t792,47936.483982845995,0.0,-725.1927084460049,0.0,0.0,0.0,0.0,0.0,0.0,-47270.29296
t793,43822.7752244,0.0,-0.0,0.0,0.0,0.0,0.0,0.0,0.0,-43881.77691
t794,41547.02465399999,0.0,-0.0,0.0,0.0,0.0,0.0,0.0,0.0,-41605.97955
t795,40129.12868095288,0.0,-253.47481735287593,0.0,0.0,0.0,0.0,0.0,0.0,-39934.56197
t796,39572.6495832,0.0,-726.0,0.0,0.0,0.0,0.0,0.0,0.0,-38905.5109
t797,39489.210253200006,0.0,-726.0,0.0,0.0,0.0,0.0,0.0,0.0,-38822.07157
t798,40494.797512799996,0.0,-726.0,0.0,0.0,0.0,0.0,0.0,0.0,-39827.61204
t799,41718.54731283478,0.0,-0.06313043478287553,0.0,0.0,0.0,0.0,0.0,0.0,-41777.25192
t800,42997.05729239999,0.0,-0.0,0.0,0.0,0.0,0.0,0.0,0.0,-43055.82503
t801,45171.167892,0.0,-0.0,0.0,0.0,0.0,0.0,0.0,0.0,-45229.88884
t802,47870.166659116534,0.0,-0.18938751654737326,0.0,0.0,0.0,0.0,0.0,0.0,-47928.65143
t803,50523.93083203478,0.0,-0.06313043478287553,0.0,0.0,0.0,0.0,0.0,0.0,-50582.54186
t804,53315.46560163479,0.0,-0.06313043478287553,0.0,0.0,0.0,0.0,0.0,0.0,-53374.02984
t805,55868.6042108,0.0,-0.0,0.0,0.0,0.0,0.0,0.0,0.0,-55927.18479
t806,58344.11040079998,0.0,-0.0,0.0,0.0,0.0,0.0,0.0,0.0,-58402.69098
t807,60174.17799039999,0.0,-0.0,0.0,0.0,0.0,0.0,0.0,0.0,-60232.71178
t808,60713.57459999999,726.0,-0.0,0.0,0.0,0.0,0.0,0.0,0.0,-61498.0616
t809,61376.97441999999,726.0,-0.0,0.0,0.0,0.0,0.0,0.0,0.0,-62161.46142
t810,60747.72714959999,726.0,-0.0,0.0,0.0,0.0,0.0,0.0,0.0,-61532.16736
t811,59109.943103120226,493.3931060797696,-0.0,0.0,0.0,0.0,0.0,0.0,0.0,-59661.72963
t812,57325.86441879999,0.0,-0.0,0.0,0.0,0.0,0.0,0.0,0.0,-57384.21105
t813,55884.26560879999,0.0,-0.0,0.0,0.0,0.0,0.0,0.0,0.0,-55942.61224
t814,54339.8871784,0.0,-0.0,0.0,0.0,0.0,0.0,0.0,0.0,-54398.18702
t815,51351.082048,0.0,-0.0,0.0,0.0,0.0,0.0,0.0,0.0,-51409.3351
t816,47817.073188,0.0,-0.0,0.0,0.0,0.0,0.0,0.0,0.0,-47875.32624
t817,44885.01786899009,0.0,-442.7770813901006,0.0,0.0,0.0,0.0,0.0,0.0,-44500.44705
t818,41757.366125722,0.0,-37.20026852200408,0.0,0.0,0.0,0.0,0.0,0.0,-41778.32533
t819,40438.368467199994,0.0,-726.0,0.0,0.0,0.0,0.0,0.0,0.0,-39770.52794
t820,39286.891086799995,0.0,-726.0,0.0,0.0,0.0,0.0,0.0,0.0,-38619.00377
t821,39063.5789464,0.0,-726.0,0.0,0.0,0.0,0.0,0.0,0.0,-38395.64484
t822,39836.856756326,0.0,-498.6787599260033,0.0,0.0,0.0,0.0,0.0,0.0,-39396.24389
t823,40912.341716,0.0,-0.0,0.0,0.0,0.0,0.0,0.0,0.0,-40970.36082
t824,42137.9131956,0.0,-0.0,0.0,0.0,0.0,0.0,0.0,0.0,-42195.88551
t825,43828.98786311655,0.0,-0.18938751654737326,0.0,0.0,0.0,0.0,0.0,0.0,-43886.77079
t826,45819.38566519999,0.0,-0.0,0.0,0.0,0.0,0.0,0.0,0.0,-45877.31119
t827,47880.3972048,0.0,-0.0,0.0,0.0,0.0,0.0,0.0,0.0,-47938.27594
t828,49133.023271294995,291.3161531049918,-0.0,0.0,0.0,0.0,0.0,0.0,0.0,-49482.17137
t829,50272.78185439999,726.0,-0.0,0.0,0.0,0.0,0.0,0.0,0.0,-51056.6138
t830,51769.76141399999,726.0,-0.0,0.0,0.0,0.0,0.0,0.0,0.0,-52553.54657
t831,52850.428383599996,726.0,-0.0,0.0,0.0,0.0,0.0,0.0,0.0,-53634.16675
t832,54038.57319603211,202.10025756787667,-0.0,0.0,0.0,0.0,0.0,0.0,0.0,-54298.41182
t833,54456.2433532,0.0,-0.0,0.0,0.0,0.0,0.0,0.0,0.0,-54513.93493
t834,53695.43650279999,0.0,-0.0,0.0,0.0,0.0,0.0,0.0,0.0,-53753.08129
t835,51576.7652028,0.0,-0.0,0.0,0.0,0.0,0.0,0.0,0.0,-51634.40999
t836,49436.760023623996,0.0,-208.40247122400524,0.0,0.0,0.0,0.0,0.0,0.0,-49285.95555
t837,47856.570883044005,83.27435895599592,-0.0,0.0,0.0,0.0,0.0,0.0,0.0,-47997.39645
t838,46343.19256942832,93.11210257167224,-0.0,0.0,0.0,0.0,0.0,0.0,0.0,-46493.85588
t839,43866.38934159999,0.0,-0.0,0.0,0.0,0.0,0.0,0.0,0.0,-43923.89376
t840,40638.2698512,0.0,-0.0,0.0,0.0,0.0,0.0,0.0,0.0,-40695.72748
t841,37797.12711079999,0.0,-0.0,0.0,0.0,0.0,0.0,0.0,0.0,-37854.53795
t842,36464.0150008,0.0,-726.0,0.0,0.0,0.0,0.0,0.0,0.0,-35795.42584
t843,35017.8826204,0.0,-726.0,0.0,0.0,0.0,0.0,0.0,0.0,-34349.24667
t844,34336.069019999995,0.0,-726.0,0.0,0.0,0.0,0.0,0.0,0.0,-33667.38628
t845,33896.795179999994,0.0,-726.0,0.0,0.0,0.0,0.0,0.0,0.0,-33228.11244
t846,33290.19617582646,0.0,-252.666936226464,0.0,0.0,0.0,0.0,0.0,0.0,-33094.79971
t847,33324.39557919999,0.0,-0.0,0.0,0.0,0.0,0.0,0.0,0.0,-33381.61926
t848,34145.889718806946,0.0,-0.12625960695676558,0.0,0.0,0.0,0.0,0.0,0.0,-34202.98714
t849,36246.566988800005,0.0,-0.0,0.0,0.0,0.0,0.0,0.0,0.0,-36303.74388
t850,38663.18163800696,0.0,-0.12625960695676558,0.0,0.0,0.0,0.0,0.0,0.0,-38720.18548
t851,41181.547798834785,0.0,-0.06313043478287553,0.0,0.0,0.0,0.0,0.0,0.0,-41238.61477
t852,43504.46563799998,0.0,-0.0,0.0,0.0,0.0,0.0,0.0,0.0,-43561.54895
t853,45615.315177599994,0.0,-0.0,0.0,0.0,0.0,0.0,0.0,0.0,-45672.3517
t854,47888.85004759999,0.0,-0.0,0.0,0.0,0.0,0.0,0.0,0.0,-47945.88657
t855,49656.54138809213,493.3791491078594,-0.0,0.0,0.0,0.0,0.0,0.0,0.0,-50206.91027
t856,51353.40060679999,726.0,-0.0,0.0,0.0,0.0,0.0,0.0,0.0,-52136.34355
t857,52873.414436399995,726.0,-0.0,0.0,0.0,0.0,0.0,0.0,0.0,-53656.31059
t858,53310.1639064,726.0,-0.0,0.0,0.0,0.0,0.0,0.0,0.0,-54093.06006
t859,53275.486336,0.0,-0.0,0.0,0.0,0.0,0.0,0.0,0.0,-53332.3357
t860,51173.77542559999,0.0,-0.0,0.0,0.0,0.0,0.0,0.0,0.0,-51230.578
t861,49129.015525599985,0.0,-0.0,0.0,0.0,0.0,0.0,0.0,0.0,-49185.8181
t862,47782.35185519999,0.0,-0.0,0.0,0.0,0.0,0.0,0.0,0.0,-47839.10764
t863,45233.684264799995,0.0,-0.0,0.0,0.0,0.0,0.0,0.0,0.0,-45290.39326
t864,42558.0227848,0.0,-0.0,0.0,0.0,0.0,0.0,0.0,0.0,-42614.73178
t865,39836.4805044,0.0,-0.0,0.0,0.0,0.0,0.0,0.0,0.0,-39893.14271
t866,37800.021133999995,0.0,-0.0,0.0,0.0,0.0,0.0,0.0,0.0,-37856.63655
t867,36826.32661726773,0.0,-634.6546932677369,0.0,0.0,0.0,0.0,0.0,0.0,-36248.28734
t868,35813.0696136,0.0,-726.0,0.0,0.0,0.0,0.0,0.0,0.0,-35143.63824
t869,35223.31639319999,0.0,-726.0,0.0,0.0,0.0,0.0,0.0,0.0,-34553.83823
t870,34982.119943199985,0.0,-726.0,0.0,0.0,0.0,0.0,0.0,0.0,-34312.64178
t871,34186.4729428,0.0,-0.0,0.0,0.0,0.0,0.0,0.0,0.0,-34242.94799
t872,34690.361502399996,0.0,-0.0,0.0,0.0,0.0,0.0,0.0,0.0,-34746.78976
t873,36307.883772,0.0,-0.0,0.0,0.0,0.0,0.0,0.0,0.0,-36364.26524
t874,37567.89742200001,726.0,-0.0,0.0,0.0,0.0,0.0,0.0,0.0,-38350.27889
t875,39658.97842159999,726.0,-0.0,0.0,0.0,0.0,0.0,0.0,0.0,-40441.3131
t876,41775.624681199995,726.0,-0.0,0.0,0.0,0.0,0.0,0.0,0.0,-42557.91257
t877,44531.494947237996,202.31569396199666,-0.0,0.0,0.0,0.0,0.0,0.0,0.0,-44790.09853
t878,46601.87004079999,0.0,-0.0,0.0,0.0,0.0,0.0,0.0,0.0,-46658.11114
t879,48084.594310399996,0.0,-0.0,0.0,0.0,0.0,0.0,0.0,0.0,-48140.78862
t880,49000.660220399994,0.0,-0.0,0.0,0.0,0.0,0.0,0.0,0.0,-49056.85453
t881,49493.56399,0.0,-0.0,0.0,0.0,0.0,0.0,0.0,0.0,-49549.71151
t882,49447.17666959999,0.0,-0.0,0.0,0.0,0.0,0.0,0.0,0.0,-49503.2774
t883,48379.167869599994,0.0,-0.0,0.0,0.0,0.0,0.0,0.0,0.0,-48435.2686
t884,46758.3075892,0.0,-0.0,0.0,0.0,0.0,0.0,0.0,0.0,-46814.36153
t885,45992.2012888,0.0,-0.0,0.0,0.0,0.0,0.0,0.0,0.0,-46048.20844
t886,45293.5595688,0.0,-0.0,0.0,0.0,0.0,0.0,0.0,0.0,-45349.56672
t887,43331.5941684,0.0,-0.0,0.0,0.0,0.0,0.0,0.0,0.0,-43387.55453
t888,40954.04921799999,0.0,-0.0,0.0,0.0,0.0,0.0,0.0,0.0,-41009.96279
t889,38602.5526576,0.0,-0.0,0.0,0.0,0.0,0.0,0.0,0.0,-38658.41944
t890,37543.9688076,0.0,-726.0,0.0,0.0,0.0,0.0,0.0,0.0,-36873.83559
t891,36279.0503172,0.0,-726.0,0.0,0.0,0.0,0.0,0.0,0.0,-35608.87031
t892,35539.333926800005,0.0,-726.0,0.0,0.0,0.0,0.0,0.0,0.0,-34869.10713
t893,35285.179916126646,0.0,-645.1608093266499,0.0,0.0,0.0,0.0,0.0,0.0,-34695.79231
t894,35229.588626516,0.0,-333.50451011600035,0.0,0.0,0.0,0.0,0.0,0.0,-34951.81053
t895,35163.92588643478,0.0,-0.06313043478287553,0.0,0.0,0.0,0.0,0.0,0.0,-35219.54238
t896,35573.91033599999,0.0,-0.0,0.0,0.0,0.0,0.0,0.0,0.0,-35629.58996
t897,37570.0677656,0.0,-0.0,0.0,0.0,0.0,0.0,0.0,0.0,-37625.7006
t898,40193.46913271656,0.0,-0.18938751654737326,0.0,0.0,0.0,0.0,0.0,0.0,-40248.86579
t899,42508.694915634784,0.0,-0.06313043478287553,0.0,0.0,0.0,0.0,0.0,0.0,-42564.21783
t900,44607.138184799995,0.0,-0.0,0.0,0.0,0.0,0.0,0.0,0.0,-44662.67744
t901,46388.8397344,0.0,-0.0,0.0,0.0,0.0,0.0,0.0,0.0,-46444.3322
t902,47800.128884,0.0,-0.0,0.0,0.0,0.0,0.0,0.0,0.0,-47855.57456
t903,48810.232233999996,0.0,-0.0,0.0,0.0,0.0,0.0,0.0,0.0,-48865.67791
t904,49369.62356627177,203.3614673282229,-0.0,0.0,0.0,0.0,0.0,0.0,0.0,-49628.38392
t905,49824.89433319999,0.0,-0.0,0.0,0.0,0.0,0.0,0.0,0.0,-49880.24643
t906,49588.216883199995,0.0,-0.0,0.0,0.0,0.0,0.0,0.0,0.0,-49643.56898
t907,48444.44161279999,0.0,-0.0,0.0,0.0,0.0,0.0,0.0,0.0,-48499.74692
t908,47215.4399924,0.0,-0.0,0.0,0.0,0.0,0.0,0.0,0.0,-47270.69851
t909,45756.0359324,726.0,-0.0,0.0,0.0,0.0,0.0,0.0,0.0,-46537.29445
t910,44828.85722199999,726.0,-0.0,0.0,0.0,0.0,0.0,0.0,0.0,-45610.06895
t911,42950.38233687599,271.6284547240048,-0.0,0.0,0.0,0.0,0.0,0.0,0.0,-43277.17573
t912,40495.2226316,0.0,-0.0,0.0,0.0,0.0,0.0,0.0,0.0,-40550.38757
t913,38191.171451199996,0.0,-0.0,0.0,0.0,0.0,0.0,0.0,0.0,-38246.2896
t914,36529.878999176,0.0,-51.37341837599615,0.0,0.0,0.0,0.0,0.0,0.0,-36533.57694
t915,36063.6269608,0.0,-726.0,0.0,0.0,0.0,0.0,0.0,0.0,-35392.69832
t916,35565.712820400004,0.0,-726.0,0.0,0.0,0.0,0.0,0.0,0.0,-34894.73739
t917,35690.759517096,0.0,-700.100657095998,0.0,0.0,0.0,0.0,0.0,0.0,-35045.63664
t918,36196.16920808,0.0,-74.10150847999557,0.0,0.0,0.0,0.0,0.0,0.0,-36176.99869
t919,38024.63943003478,0.0,-0.06313043478287553,0.0,0.0,0.0,0.0,0.0,0.0,-38079.50729
t920,39208.50627963478,0.0,-0.06313043478287553,0.0,0.0,0.0,0.0,0.0,0.0,-39263.32735
t921,40598.17127879999,0.0,-0.0,0.0,0.0,0.0,0.0,0.0,0.0,-40653.00869
t922,42094.9569488,0.0,-0.0,0.0,0.0,0.0,0.0,0.0,0.0,-42149.79436
t923,43518.25164591654,0.0,-0.18938751654737326,0.0,0.0,0.0,0.0,0.0,0.0,-43572.85288
t924,44725.20781800001,0.0,-0.0,0.0,0.0,0.0,0.0,0.0,0.0,-44779.95165
t925,45696.33392760696,0.0,-0.12625960695676558,0.0,0.0,0.0,0.0,0.0,0.0,-45750.9515
t926,46860.62424803479,0.0,-0.06313043478287553,0.0,0.0,0.0,0.0,0.0,0.0,-46915.25816
t927,47925.78433763478,0.0,-0.06313043478287553,0.0,0.0,0.0,0.0,0.0,0.0,-47980.37146
t928,48892.05607763478,0.0,-0.06313043478287553,0.0,0.0,0.0,0.0,0.0,0.0,-48946.6432
t929,48954.41198679999,726.0,-0.0,0.0,0.0,0.0,0.0,0.0,0.0,-49735.01545
t930,49191.886075839,675.5558705609983,-0.0,0.0,0.0,0.0,0.0,0.0,0.0,-49921.99862
t931,48639.491396642,680.7264597579997,-0.0,0.0,0.0,0.0,0.0,0.0,0.0,-49374.77453
t932,47810.94983034502,494.87113565499567,-0.0,0.0,0.0,0.0,0.0,0.0,0.0,-48360.33085
t933,47417.38745187947,94.39511372052064,-0.0,0.0,0.0,0.0,0.0,0.0,0.0,-47566.24566
t934,46433.70964519999,0.0,-0.0,0.0,0.0,0.0,0.0,0.0,0.0,-46488.12595
t935,43817.982595199996,0.0,-0.0,0.0,0.0,0.0,0.0,0.0,0.0,-43872.3989
t936,40527.0463548,0.0,-0.0,0.0,0.0,0.0,0.0,0.0,0.0,-40581.41587
t937,37622.0033844,0.0,-0.0,0.0,0.0,0.0,0.0,0.0,0.0,-37676.32611
t938,35656.14652440001,0.0,-0.0,0.0,0.0,0.0,0.0,0.0,0.0,-35710.46925
t939,34995.154023999996,0.0,-726.0,0.0,0.0,0.0,0.0,0.0,0.0,-34323.42996
t940,34224.857733599994,0.0,-726.0,0.0,0.0,0.0,0.0,0.0,0.0,-33553.08688
t941,34291.610053599994,0.0,-726.0,0.0,0.0,0.0,0.0,0.0,0.0,-33619.8392
t942,35284.5328932,0.0,-726.0,0.0,0.0,0.0,0.0,0.0,0.0,-34612.71525
t943,36487.475859026454,0.0,-252.666936226464,0.0,0.0,0.0,0.0,0.0,0.0,-36288.94449
t944,37953.57421323478,0.0,-0.06313043478287553,0.0,0.0,0.0,0.0,0.0,0.0,-38007.64665
t945,40188.10121283477,0.0,-0.06313043478287553,0.0,0.0,0.0,0.0,0.0,0.0,-40242.12686
t946,42719.77428243478,0.0,-0.06313043478287553,0.0,0.0,0.0,0.0,0.0,0.0,-42773.75314
t947,45443.59640243478,0.0,-0.06313043478287553,0.0,0.0,0.0,0.0,0.0,0.0,-45497.57526
t948,48025.8112516,0.0,-0.0,0.0,0.0,0.0,0.0,0.0,0.0,-48079.80645
t949,50341.66674119998,0.0,-0.0,0.0,0.0,0.0,0.0,0.0,0.0,-50395.61515
t950,52526.70313079999,0.0,-0.0,0.0,0.0,0.0,0.0,0.0,0.0,-52580.60475
t951,53517.78353079999,726.0,-0.0,0.0,0.0,0.0,0.0,0.0,0.0,-54297.68515
t952,54515.25266414358,576.242026256413,-0.0,0.0,0.0,0.0,0.0,0.0,0.0,-55145.34952
t953,54701.37608,726.0,-0.0,0.0,0.0,0.0,0.0,0.0,0.0,-55481.18412
t954,54582.07237349699,495.61310650300715,-0.0,0.0,0.0,0.0,0.0,0.0,0.0,-55131.49352
t955,53849.01824959998,0.0,-0.0,0.0,0.0,0.0,0.0,0.0,0.0,-53902.7795
t956,51706.151697359004,147.52608184099336,-0.0,0.0,0.0,0.0,0.0,0.0,0.0,-51907.39224
t957,50164.4758992,0.0,-0.0,0.0,0.0,0.0,0.0,0.0,0.0,-50218.19036
t958,48253.672808799995,0.0,-0.0,0.0,0.0,0.0,0.0,0.0,0.0,-48307.34048
t959,44919.574338399994,0.0,-0.0,0.0,0.0,0.0,0.0,0.0,0.0,-44973.19522
t960,41268.172238399995,0.0,-0.0,0.0,0.0,0.0,0.0,0.0,0.0,-41321.79312
t961,38198.840268,0.0,-0.0,0.0,0.0,0.0,0.0,0.0,0.0,-38252.41436
t962,36689.18934982432,0.0,-577.7932022243289,0.0,0.0,0.0,0.0,0.0,0.0,-36164.92345
t963,35405.668707599994,0.0,-726.0,0.0,0.0,0.0,0.0,0.0,0.0,-34733.19601
t964,34609.91876719999,0.0,-726.0,0.0,0.0,0.0,0.0,0.0,0.0,-33937.39928
t965,34630.44789679999,0.0,-726.0,0.0,0.0,0.0,0.0,0.0,0.0,-33957.88162
t966,35346.984354214,0.0,-400.8618778140035,0.0,0.0,0.0,0.0,0.0,0.0,-34999.50941
t967,36699.86958683478,0.0,-0.06313043478287553,0.0,0.0,0.0,0.0,0.0,0.0,-36753.19339
t968,38277.043886,0.0,-0.0,0.0,0.0,0.0,0.0,0.0,0.0,-38330.38403
t969,40283.0414856,0.0,-0.0,0.0,0.0,0.0,0.0,0.0,0.0,-40336.33484
t970,42790.6946556,0.0,-0.0,0.0,0.0,0.0,0.0,0.0,0.0,-42843.98801
t971,45383.9984752,0.0,-0.0,0.0,0.0,0.0,0.0,0.0,0.0,-45437.24504
t972,47068.285618165,130.48273663499276,-0.0,0.0,0.0,0.0,0.0,0.0,0.0,-47251.96813
t973,48608.61071249299,118.7580423069976,-0.0,0.0,0.0,0.0,0.0,0.0,0.0,-48780.56853
t974,49017.3595444,726.0,-0.0,0.0,0.0,0.0,0.0,0.0,0.0,-49796.51253
t975,48872.904043999995,726.0,-0.0,0.0,0.0,0.0,0.0,0.0,0.0,-49652.01024
t976,48421.525583999995,726.0,-0.0,0.0,0.0,0.0,0.0,0.0,0.0,-49200.63178
t977,48465.96931350579,244.01460009420208,-0.0,0.0,0.0,0.0,0.0,0.0,0.0,-48763.04332
t978,47870.59549319999,0.0,-0.0,0.0,0.0,0.0,0.0,0.0,0.0,-47923.60811
t979,46718.4753028,0.0,-0.0,0.0,0.0,0.0,0.0,0.0,0.0,-46771.44113
t980,45793.237742799996,0.0,-0.0,0.0,0.0,0.0,0.0,0.0,0.0,-45846.20357
t981,45399.3110024,0.0,-0.0,0.0,0.0,0.0,0.0,0.0,0.0,-45452.23004
t982,44566.513201999995,0.0,-0.0,0.0,0.0,0.0,0.0,0.0,0.0,-44619.38545
t983,42236.98168199999,0.0,-0.0,0.0,0.0,0.0,0.0,0.0,0.0,-42289.85393
t984,39417.488151599995,0.0,-0.0,0.0,0.0,0.0,0.0,0.0,0.0,-39470.31361
t985,36992.9617712,0.0,-0.0,0.0,0.0,0.0,0.0,0.0,0.0,-37045.74044
t986,35986.597251199986,0.0,-726.0,0.0,0.0,0.0,0.0,0.0,0.0,-35313.37592
t987,34966.52143079999,0.0,-726.0,0.0,0.0,0.0,0.0,0.0,0.0,-34293.25331
t988,34396.13615039999,0.0,-726.0,0.0,0.0,0.0,0.0,0.0,0.0,-33722.82124
t989,34101.67302977585,0.0,-252.65746937585098,0.0,0.0,0.0,0.0,0.0,0.0,-33901.70065
t990,35466.486049999985,0.0,-726.0,0.0,0.0,0.0,0.0,0.0,0.0,-34793.12435
t991,36553.1058596,0.0,-0.0,0.0,0.0,0.0,0.0,0.0,0.0,-36605.69737
t992,38099.675439599996,0.0,-0.0,0.0,0.0,0.0,0.0,0.0,0.0,-38152.26695
t993,39912.7219292,0.0,-0.0,0.0,0.0,0.0,0.0,0.0,0.0,-39965.26665
t994,41790.63002879999,0.0,-0.0,0.0,0.0,0.0,0.0,0.0,0.0,-41843.12796
t995,43597.40158839999,0.0,-0.0,0.0,0.0,0.0,0.0,0.0,0.0,-43649.85273
t996,45235.92014839999,0.0,-0.0,0.0,0.0,0.0,0.0,0.0,0.0,-45288.37129
t997,46476.70277799999,0.0,-0.0,0.0,0.0,0.0,0.0,0.0,0.0,-46529.10713
t998,47909.95422759999,0.0,-0.0,0.0,0.0,0.0,0.0,0.0,0.0,-47962.31179
t999,48649.72514443367,493.1120131663099,-0.0,0.0,0.0,0.0,0.0,0.0,0.0,-49195.19472
t1000,49322.1827872,726.0,-0.0,0.0,0.0,0.0,0.0,0.0,0.0,-50100.49356
t1001,49719.31533679999,726.0,-0.0,0.0,0.0,0.0,0.0,0.0,0.0,-50497.57932
t1002,49240.0242268,726.0,-0.0,0.0,0.0,0.0,0.0,0.0,0.0,-50018.28821
t1003,48777.012246399994,0.0,-0.0,0.0,0.0,0.0,0.0,0.0,0.0,-48829.22944
t1004,47399.01586599999,0.0,-0.0,0.0,0.0,0.0,0.0,0.0,0.0,-47451.18627
t1005,46534.406826,0.0,-0.0,0.0,0.0,0.0,0.0,0.0,0.0,-46586.57723
t1006,45749.416625599995,0.0,-0.0,0.0,0.0,0.0,0.0,0.0,0.0,-45801.54024
t1007,43776.69430519999,0.0,-0.0,0.0,0.0,0.0,0.0,0.0,0.0,-43828.77113
t1008,41382.93308519999,0.0,-0.0,0.0,0.0,0.0,0.0,0.0,0.0,-41435.00991
t1009,38845.769914799996,0.0,-0.0,0.0,0.0,0.0,0.0,0.0,0.0,-38897.79995
t1010,36920.3630644,0.0,-0.0,0.0,0.0,0.0,0.0,0.0,0.0,-36972.34631
t1011,36219.39308521,0.0,-590.7572912100031,0.0,0.0,0.0,0.0,0.0,0.0,-35680.57225
t1012,35412.70160399999,0.0,-726.0,0.0,0.0,0.0,0.0,0.0,0.0,-34738.63806
t1013,34983.421793599984,0.0,-726.0,0.0,0.0,0.0,0.0,0.0,0.0,-34309.31146
t1014,34475.6823532,0.0,-0.0,0.0,0.0,0.0,0.0,0.0,0.0,-34527.52523
t1015,34923.6174207725,0.0,-16.02890757250204,0.0,0.0,0.0,0.0,0.0,0.0,-34959.43139
t1016,36491.900942800006,0.0,-726.0,0.0,0.0,0.0,0.0,0.0,0.0,-35817.69703
t1017,38577.875286582006,0.0,-371.95226418199763,0.0,0.0,0.0,0.0,0.0,0.0,-38257.67232
t1018,41253.86921240001,0.0,-0.0,0.0,0.0,0.0,0.0,0.0,0.0,-41305.61851
t1019,44348.740302,0.0,-0.0,0.0,0.0,0.0,0.0,0.0,0.0,-44400.44281
t1020,47213.818681599994,0.0,-0.0,0.0,0.0,0.0,0.0,0.0,0.0,-47265.4744
t1021,49657.115641599994,0.0,-0.0,0.0,0.0,0.0,0.0,0.0,0.0,-49708.77136
t1022,51289.25412332518,147.02778787481284,-0.0,0.0,0.0,0.0,0.0,0.0,0.0,-51487.89084
t1023,51933.5729708,726.0,-0.0,0.0,0.0,0.0,0.0,0.0,0.0,-52711.13511
t1024,51997.9153408,726.0,-0.0,0.0,0.0,0.0,0.0,0.0,0.0,-52775.47748
t1025,51873.063668751995,564.3786916479988,-0.0,0.0,0.0,0.0,0.0,0.0,0.0,-52488.95771
t1026,52077.25314517,507.8883048299922,-0.0,0.0,0.0,0.0,0.0,0.0,0.0,-52636.61001
t1027,51437.720529599996,0.0,-0.0,0.0,0.0,0.0,0.0,0.0,0.0,-51489.1423
t1028,49214.656049599995,0.0,-0.0,0.0,0.0,0.0,0.0,0.0,0.0,-49266.07782
t1029,47499.27896919999,0.0,-0.0,0.0,0.0,0.0,0.0,0.0,0.0,-47550.65395
t1030,46231.30175879999,0.0,-0.0,0.0,0.0,0.0,0.0,0.0,0.0,-46282.62995
t1031,44392.052868800005,0.0,-0.0,0.0,0.0,0.0,0.0,0.0,0.0,-44443.38106
t1032,41860.75074839999,0.0,-0.0,0.0,0.0,0.0,0.0,0.0,0.0,-41912.03215
t1033,39242.285118,0.0,-0.0,0.0,0.0,0.0,0.0,0.0,0.0,-39293.51973
t1034,37107.824578,0.0,-0.0,0.0,0.0,0.0,0.0,0.0,0.0,-37159.05919
t1035,35913.36644367401,0.0,-314.47688607400323,0.0,0.0,0.0,0.0,0.0,0.0,-35650.07738
t1036,34670.436172098,0.0,-151.4444448980057,0.0,0.0,0.0,0.0,0.0,0.0,-34570.13276
t1037,34421.11452917314,0.0,-512.7182919731407,0.0,0.0,0.0,0.0,0.0,0.0,-33959.53727
t1038,34621.77688679999,0.0,-726.0,0.0,0.0,0.0,0.0,0.0,0.0,-33946.87113
t1039,34855.314606399996,0.0,-726.0,0.0,0.0,0.0,0.0,0.0,0.0,-34180.36206
t1040,35761.9534164,0.0,-726.0,0.0,0.0,0.0,0.0,0.0,0.0,-35087.00087
t1041,37782.27486599999,0.0,-0.0,0.0,0.0,0.0,0.0,0.0,0.0,-37833.27553
t1042,41067.24217520696,0.0,-0.12625960695676558,0.0,0.0,0.0,0.0,0.0,0.0,-41118.06979
t1043,44162.801295634774,0.0,-0.06313043478287553,0.0,0.0,0.0,0.0,0.0,0.0,-44213.64525
t1044,47380.68649563477,0.0,-0.06313043478287553,0.0,0.0,0.0,0.0,0.0,0.0,-47431.53045
t1045,50507.378364799995,0.0,-0.0,0.0,0.0,0.0,0.0,0.0,0.0,-50558.23866
t1046,53366.9903544,0.0,-0.0,0.0,0.0,0.0,0.0,0.0,0.0,-53417.80386
t1047,55715.864434400006,0.0,-0.0,0.0,0.0,0.0,0.0,0.0,0.0,-55766.67794
t1048,56828.89266489213,493.3791491078594,-0.0,0.0,0.0,0.0,0.0,0.0,0.0,-57373.03853
t1049,57836.0228536,726.0,-0.0,0.0,0.0,0.0,0.0,0.0,0.0,-58612.74278
t1050,58422.428253599996,726.0,-0.0,0.0,0.0,0.0,0.0,0.0,0.0,-59199.14818
t1051,57762.070573200006,726.0,-0.0,0.0,0.0,0.0,0.0,0.0,0.0,-58538.74371
t1052,56788.79421279999,0.0,-0.0,0.0,0.0,0.0,0.0,0.0,0.0,-56839.42056
t1053,54881.8232828,0.0,-0.0,0.0,0.0,0.0,0.0,0.0,0.0,-54932.44963
t1054,53643.58626240001,0.0,-0.0,0.0,0.0,0.0,0.0,0.0,0.0,-53694.16582
t1055,50750.40684199999,0.0,-0.0,0.0,0.0,0.0,0.0,0.0,0.0,-50800.93961
t1056,47601.80993159999,0.0,-0.0,0.0,0.0,0.0,0.0,0.0,0.0,-47652.29591
t1057,45228.936159079996,0.0,-681.2930374800062,0.0,0.0,0.0,0.0,0.0,0.0,-44598.1291
t1058,43087.3668512,0.0,-726.0,0.0,0.0,0.0,0.0,0.0,0.0,-42411.80604
t1059,41627.41587079999,0.0,-726.0,0.0,0.0,0.0,0.0,0.0,0.0,-40951.80827
t1060,40866.958790799996,0.0,-726.0,0.0,0.0,0.0,0.0,0.0,0.0,-40191.35119
t1061,40544.772912696746,0.0,-297.370322296751,0.0,0.0,0.0,0.0,0.0,0.0,-40297.7482
t1062,41447.71376043479,0.0,-0.06313043478287553,0.0,0.0,0.0,0.0,0.0,0.0,-41497.94945
t1063,43242.02441043478,0.0,-0.06313043478287553,0.0,0.0,0.0,0.0,0.0,0.0,-43292.2601
t1064,44816.042589599994,0.0,-0.0,0.0,0.0,0.0,0.0,0.0,0.0,-44866.29462
t1065,46445.76700919999,0.0,-0.0,0.0,0.0,0.0,0.0,0.0,0.0,-46495.97225
t1066,48175.98695919998,0.0,-0.0,0.0,0.0,0.0,0.0,0.0,0.0,-48226.1922
t1067,50222.9427988,0.0,-0.0,0.0,0.0,0.0,0.0,0.0,0.0,-50273.10125
t1068,52034.94338839998,0.0,-0.0,0.0,0.0,0.0,0.0,0.0,0.0,-52085.05505
t1069,53298.65510839999,0.0,-0.0,0.0,0.0,0.0,0.0,0.0,0.0,-53348.76677
t1070,54401.83746799998,0.0,-0.0,0.0,0.0,0.0,0.0,0.0,0.0,-54451.90234
t1071,55364.29338759999,0.0,-0.0,0.0,0.0,0.0,0.0,0.0,0.0,-55414.31147
t1072,55975.885024033676,493.1120131663099,-0.0,0.0,0.0,0.0,0.0,0.0,0.0,-56518.96833
t1073,56534.188087199975,726.0,-0.0,0.0,0.0,0.0,0.0,0.0,0.0,-57310.15938
t1074,56955.85271679998,726.0,-0.0,0.0,0.0,0.0,0.0,0.0,0.0,-57731.77722
t1075,56624.07994639999,726.0,-0.0,0.0,0.0,0.0,0.0,0.0,0.0,-57399.95766
t1076,56069.055956399985,0.0,-0.0,0.0,0.0,0.0,0.0,0.0,0.0,-56118.93367
t1077,54771.426665999985,0.0,-0.0,0.0,0.0,0.0,0.0,0.0,0.0,-54821.25759
t1078,53777.47336559998,0.0,-0.0,0.0,0.0,0.0,0.0,0.0,0.0,-53827.2575
t1079,51042.608745599995,0.0,-0.0,0.0,0.0,0.0,0.0,0.0,0.0,-51092.39288
t1080,47834.8969852,0.0,-0.0,0.0,0.0,0.0,0.0,0.0,0.0,-47884.63433
